,face,confidence,pose_Tx,pose_Ty,pose_Tz,pose_Rx,pose_Ry,pose_Rz,X_0,X_1,X_2,X_3,X_4,X_5,X_6,X_7,X_8,X_9,X_10,X_11,X_12,X_13,X_14,X_15,X_16,X_17,X_18,X_19,X_20,X_21,X_22,X_23,X_24,X_25,X_26,X_27,X_28,X_29,X_30,X_31,X_32,X_33,X_34,X_35,X_36,X_37,X_38,X_39,X_40,X_41,X_42,X_43,X_44,X_45,X_46,X_47,X_48,X_49,X_50,X_51,X_52,X_53,X_54,X_55,X_56,X_57,X_58,X_59,X_60,X_61,X_62,X_63,X_64,X_65,X_66,X_67,Y_0,Y_1,Y_2,Y_3,Y_4,Y_5,Y_6,Y_7,Y_8,Y_9,Y_10,Y_11,Y_12,Y_13,Y_14,Y_15,Y_16,Y_17,Y_18,Y_19,Y_20,Y_21,Y_22,Y_23,Y_24,Y_25,Y_26,Y_27,Y_28,Y_29,Y_30,Y_31,Y_32,Y_33,Y_34,Y_35,Y_36,Y_37,Y_38,Y_39,Y_40,Y_41,Y_42,Y_43,Y_44,Y_45,Y_46,Y_47,Y_48,Y_49,Y_50,Y_51,Y_52,Y_53,Y_54,Y_55,Y_56,Y_57,Y_58,Y_59,Y_60,Y_61,Y_62,Y_63,Y_64,Y_65,Y_66,Y_67,Z_0,Z_1,Z_2,Z_3,Z_4,Z_5,Z_6,Z_7,Z_8,Z_9,Z_10,Z_11,Z_12,Z_13,Z_14,Z_15,Z_16,Z_17,Z_18,Z_19,Z_20,Z_21,Z_22,Z_23,Z_24,Z_25,Z_26,Z_27,Z_28,Z_29,Z_30,Z_31,Z_32,Z_33,Z_34,Z_35,Z_36,Z_37,Z_38,Z_39,Z_40,Z_41,Z_42,Z_43,Z_44,Z_45,Z_46,Z_47,Z_48,Z_49,Z_50,Z_51,Z_52,Z_53,Z_54,Z_55,Z_56,Z_57,Z_58,Z_59,Z_60,Z_61,Z_62,Z_63,Z_64,Z_65,Z_66,Z_67
0,0,0.975,-1.0,16.8,386.2,0.025,0.067,-0.03,-79.8,-78.1,-74.3,-69.7,-61.6,-48.7,-33.8,-16.6,1.8,20.3,38.7,54.8,66.2,71.5,73.4,74.8,75.5,-64.9,-53.9,-41.1,-28.8,-17.1,10.9,23.4,35.4,47.9,58.3,-2.0,-2.1,-2.1,-2.1,-14.8,-8.2,-1.5,5.6,12.1,-47.7,-39.6,-29.5,-21.4,-30.0,-40.0,17.2,25.0,34.8,43.2,35.7,26.3,-27.8,-16.7,-7.2,-1.0,5.7,15.7,27.2,15.8,5.9,-1.2,-7.8,-17.2,-23.4,-7.2,-0.8,6.1,22.3,5.5,-1.4,-7.6,-25.9,-2.0,22.1,44.9,64.9,80.5,90.1,94.6,94.7,93.2,87.6,76.8,60.7,40.3,18.7,-3.4,-25.6,-36.2,-43.1,-44.3,-42.1,-38.3,-39.4,-43.9,-46.0,-45.7,-40.1,-24.0,-12.0,-0.3,11.4,22.3,24.2,25.7,23.8,21.4,-20.3,-25.2,-25.3,-19.6,-16.8,-16.6,-20.9,-27.1,-27.4,-23.0,-19.1,-18.8,50.9,44.3,41.0,42.4,40.6,43.4,48.0,52.9,54.4,55.1,55.2,54.6,50.6,47.2,47.3,46.4,48.4,46.1,46.8,46.8,442.9,444.1,445.4,444.7,440.0,431.9,419.4,403.3,396.2,400.4,414.0,424.7,428.6,426.6,423.5,420.5,420.8,405.5,398.0,391.2,384.5,378.4,376.7,381.0,384.6,388.4,393.6,377.9,372.3,366.0,360.2,378.4,374.6,371.6,372.5,374.3,399.3,394.8,392.5,391.5,391.7,394.2,389.2,388.5,389.1,391.9,388.5,388.1,396.6,383.3,377.3,376.0,376.0,381.5,391.1,378.7,372.5,372.4,374.3,382.4,393.1,378.5,377.0,377.3,388.2,374.2,373.8,375.8
0,0,0.975,-0.7,16.9,385.9,0.029,0.07,-0.03,-79.6,-77.9,-74.1,-69.4,-61.3,-48.3,-33.3,-16.1,2.3,20.8,39.2,55.3,66.6,71.8,73.7,75.0,75.7,-64.7,-53.8,-40.9,-28.5,-16.8,11.0,23.6,35.7,48.1,58.5,-1.8,-1.8,-1.9,-1.9,-14.6,-7.9,-1.3,5.8,12.2,-47.4,-39.3,-29.2,-21.1,-29.7,-39.7,17.5,25.3,35.1,43.4,36.0,26.5,-27.4,-16.4,-7.0,-0.8,5.8,15.8,27.2,15.9,6.1,-1.0,-7.5,-16.9,-23.1,-6.9,-0.6,6.3,22.3,5.6,-1.2,-7.3,-26.2,-2.3,22.0,44.8,65.0,80.7,90.4,94.9,94.9,93.2,87.4,76.3,60.2,39.9,18.5,-3.4,-25.4,-35.9,-42.9,-44.2,-42.0,-38.2,-39.2,-43.7,-45.9,-45.6,-39.9,-23.8,-11.9,-0.3,11.4,22.4,24.3,25.8,23.8,21.4,-20.2,-25.1,-25.2,-19.5,-16.7,-16.5,-20.8,-27.0,-27.3,-22.9,-19.0,-18.7,51.0,44.4,41.1,42.5,40.7,43.5,48.1,53.0,54.5,55.2,55.4,54.7,50.7,47.3,47.4,46.5,48.4,46.2,46.9,47.0,442.7,444.1,445.5,444.8,440.1,431.9,419.4,403.3,396.2,400.5,413.8,424.2,428.0,425.9,422.8,419.8,420.1,405.2,397.6,390.7,383.9,377.9,376.2,380.4,384.0,387.8,393.1,377.4,371.8,365.5,359.8,378.0,374.3,371.2,372.2,373.9,398.8,394.2,392.0,391.0,391.2,393.7,388.8,388.0,388.5,391.4,388.0,387.6,396.1,382.9,376.9,375.7,375.7,381.1,390.7,378.4,372.4,372.2,374.1,382.1,392.7,378.1,376.7,377.0,387.7,374.0,373.6,375.5
0,0,0.975,-0.4,16.9,385.8,0.031,0.068,-0.031,-79.2,-77.6,-73.8,-69.1,-61.0,-48.1,-33.1,-15.9,2.5,21.1,39.4,55.5,66.9,72.1,74.0,75.3,75.9,-64.3,-53.4,-40.6,-28.3,-16.7,11.4,23.9,35.9,48.2,58.6,-1.6,-1.6,-1.7,-1.7,-14.3,-7.7,-1.0,6.1,12.6,-47.2,-39.1,-29.0,-20.9,-29.5,-39.5,17.7,25.5,35.4,43.7,36.3,26.8,-27.1,-16.0,-6.6,-0.5,6.1,16.1,27.6,16.2,6.4,-0.7,-7.1,-16.5,-22.7,-6.5,-0.3,6.6,22.7,6.0,-0.8,-7.0,-26.5,-2.5,21.7,44.5,64.7,80.4,90.2,94.8,94.8,93.2,87.5,76.5,60.3,39.9,18.4,-3.6,-25.7,-36.0,-42.9,-44.1,-41.9,-38.2,-39.3,-43.7,-45.9,-45.6,-39.9,-23.8,-11.9,-0.3,11.4,22.5,24.3,25.8,23.9,21.5,-20.2,-25.1,-25.1,-19.4,-16.6,-16.4,-20.7,-27.1,-27.3,-22.9,-19.0,-18.6,51.2,44.6,41.3,42.7,40.8,43.7,48.2,53.1,54.5,55.2,55.4,54.8,50.9,47.5,47.6,46.6,48.6,46.3,47.0,47.1,442.2,443.6,444.9,444.3,439.8,431.8,419.6,403.5,396.4,400.6,414.0,424.6,428.3,426.2,423.0,420.1,420.3,404.8,397.3,390.5,383.8,377.8,376.2,380.4,384.0,387.7,392.9,377.4,371.7,365.4,359.6,377.9,374.2,371.1,372.0,373.8,398.6,394.1,391.8,390.8,391.1,393.5,388.6,387.9,388.4,391.4,387.9,387.5,396.1,382.8,376.9,375.7,375.7,381.2,390.9,378.4,372.2,372.0,373.9,382.0,392.7,378.1,376.6,376.9,387.9,373.9,373.4,375.4
0,0,0.975,-0.2,16.9,385.7,0.031,0.068,-0.031,-79.0,-77.3,-73.5,-68.8,-60.7,-47.8,-32.8,-15.5,3.0,21.5,39.8,55.9,67.2,72.4,74.3,75.6,76.2,-64.1,-53.2,-40.4,-28.1,-16.5,11.4,24.0,36.0,48.5,58.9,-1.4,-1.4,-1.5,-1.4,-14.0,-7.4,-0.7,6.3,12.8,-47.0,-38.9,-28.8,-20.7,-29.2,-39.3,17.9,25.7,35.6,43.9,36.5,27.0,-26.6,-15.6,-6.3,-0.2,6.3,16.3,27.9,16.5,6.7,-0.3,-6.7,-16.0,-22.2,-6.1,0.0,6.8,23.0,6.2,-0.5,-6.6,-26.2,-2.4,21.7,44.4,64.4,80.2,90.0,94.7,94.7,93.2,87.5,76.6,60.4,40.0,18.4,-3.6,-25.8,-35.9,-42.9,-44.1,-41.9,-38.2,-39.2,-43.8,-46.0,-45.7,-40.0,-23.8,-11.9,-0.3,11.4,22.5,24.3,25.7,23.8,21.4,-20.2,-25.1,-25.1,-19.5,-16.6,-16.4,-20.8,-27.1,-27.4,-23.0,-19.1,-18.7,51.3,44.6,41.3,42.7,40.8,43.7,48.3,53.2,54.6,55.2,55.4,54.9,51.0,47.5,47.6,46.7,48.6,46.3,47.0,47.1,442.1,443.4,444.7,444.1,439.6,431.7,419.5,403.4,396.2,400.5,413.9,424.5,428.4,426.2,423.1,420.0,420.2,404.6,397.1,390.3,383.6,377.6,375.9,380.2,383.8,387.6,392.8,377.2,371.5,365.3,359.5,377.8,374.1,371.1,372.0,373.8,398.7,394.1,391.9,390.8,391.1,393.6,388.5,387.8,388.4,391.3,387.9,387.4,396.0,382.7,376.7,375.5,375.5,381.0,390.8,378.2,372.0,371.9,373.8,381.8,392.6,377.9,376.5,376.8,387.7,373.7,373.3,375.2
0,0,0.975,0.1,16.9,386.0,0.028,0.068,-0.032,-78.8,-77.1,-73.2,-68.4,-60.2,-47.3,-32.3,-15.1,3.3,21.8,40.1,56.1,67.4,72.7,74.5,75.8,76.4,-63.8,-52.9,-40.2,-27.8,-16.2,11.6,24.2,36.3,48.7,59.1,-1.2,-1.2,-1.3,-1.2,-13.8,-7.2,-0.5,6.6,13.1,-46.7,-38.6,-28.5,-20.4,-28.9,-39.0,18.1,25.9,35.7,44.1,36.7,27.2,-26.4,-15.5,-6.1,0.1,6.7,16.7,28.3,16.9,7.1,-0.0,-6.5,-15.8,-22.0,-6.0,0.3,7.2,23.4,6.6,-0.2,-6.4,-26.2,-2.2,21.9,44.7,64.8,80.3,89.9,94.4,94.3,92.9,87.4,76.7,60.7,40.4,18.8,-3.3,-25.6,-35.8,-42.9,-44.1,-41.9,-38.2,-39.3,-43.9,-46.1,-45.8,-40.0,-23.9,-11.9,-0.3,11.4,22.5,24.3,25.8,23.9,21.4,-20.2,-25.1,-25.2,-19.5,-16.6,-16.4,-20.8,-27.2,-27.5,-23.1,-19.2,-18.8,51.5,44.8,41.5,42.8,41.0,43.9,48.5,53.3,54.7,55.3,55.5,55.0,51.2,47.6,47.7,46.8,48.8,46.5,47.2,47.2,442.4,443.7,445.0,444.4,439.8,431.7,419.3,403.1,395.9,400.2,413.7,424.6,428.5,426.5,423.3,420.3,420.6,404.9,397.4,390.7,384.0,378.0,376.4,380.7,384.2,388.1,393.3,377.6,371.9,365.6,359.8,378.1,374.4,371.3,372.2,374.0,398.8,394.4,392.1,391.1,391.4,393.8,388.9,388.2,388.7,391.7,388.2,387.7,396.3,382.9,377.0,375.8,375.8,381.4,391.0,378.5,372.3,372.2,374.1,382.2,392.8,378.2,376.7,377.0,388.0,374.0,373.6,375.6
0,0,0.975,0.4,17.1,385.9,0.026,0.068,-0.03,-78.4,-76.7,-72.8,-68.1,-59.9,-47.0,-31.9,-14.6,3.7,22.0,40.1,56.0,67.4,72.9,74.8,76.1,76.7,-63.6,-52.7,-39.9,-27.6,-16.0,12.0,24.5,36.6,49.0,59.5,-1.0,-1.0,-1.0,-1.0,-13.5,-6.9,-0.3,6.9,13.3,-46.5,-38.5,-28.3,-20.2,-28.7,-38.8,18.4,26.2,36.1,44.4,37.0,27.5,-26.1,-15.2,-5.9,0.3,7.0,17.0,28.5,17.2,7.4,0.3,-6.2,-15.5,-21.6,-5.8,0.5,7.4,23.6,6.8,0.1,-6.2,-26.1,-2.3,21.8,44.5,64.5,80.2,89.8,94.4,94.4,93.1,87.9,77.5,61.6,41.3,19.6,-2.9,-25.4,-35.8,-42.8,-44.0,-41.8,-38.2,-39.3,-43.9,-46.1,-45.8,-40.0,-23.9,-11.9,-0.2,11.6,22.6,24.4,25.9,23.9,21.5,-20.1,-25.1,-25.2,-19.4,-16.6,-16.3,-20.8,-27.3,-27.6,-23.1,-19.1,-18.7,51.6,44.9,41.6,43.0,41.1,44.0,48.6,53.5,54.9,55.6,55.7,55.1,51.3,47.7,47.8,46.9,48.9,46.7,47.4,47.4,441.9,443.1,444.5,444.0,439.3,431.2,418.7,402.7,395.6,400.0,413.6,424.5,428.6,426.7,423.5,420.3,420.3,404.9,397.5,390.8,384.1,378.1,376.3,380.6,384.1,387.9,393.2,377.5,371.9,365.6,359.8,378.1,374.4,371.2,372.2,374.0,399.0,394.6,392.3,391.3,391.5,394.0,388.7,388.1,388.7,391.6,388.2,387.7,396.1,382.8,377.0,375.8,375.7,381.2,390.7,378.4,372.4,372.3,374.1,382.1,392.5,378.1,376.7,376.9,387.7,374.1,373.7,375.7
0,0,0.975,0.7,17.1,385.2,0.032,0.069,-0.034,-78.0,-76.3,-72.4,-67.6,-59.4,-46.7,-31.7,-14.5,4.0,22.6,40.9,57.0,68.2,73.4,75.2,76.4,76.9,-63.2,-52.4,-39.6,-27.3,-15.6,12.1,24.7,36.8,49.2,59.6,-0.7,-0.7,-0.7,-0.7,-13.1,-6.5,0.1,7.2,13.6,-46.1,-38.1,-28.0,-19.8,-28.4,-38.4,18.6,26.4,36.3,44.7,37.3,27.7,-25.7,-14.8,-5.5,0.7,7.3,17.3,28.8,17.5,7.7,0.6,-5.9,-15.2,-21.3,-5.4,0.9,7.8,23.9,7.2,0.4,-5.8,-25.6,-1.7,22.2,44.8,64.7,80.2,89.9,94.6,94.6,93.1,87.5,76.6,60.4,40.0,18.5,-3.5,-25.7,-35.6,-42.5,-43.8,-41.6,-37.8,-39.0,-43.6,-45.9,-45.6,-39.9,-23.7,-11.7,-0.1,11.6,22.8,24.5,26.0,24.1,21.7,-20.0,-25.0,-25.1,-19.3,-16.5,-16.2,-20.7,-27.2,-27.5,-23.0,-19.0,-18.6,51.7,45.0,41.8,43.1,41.2,44.1,48.7,53.6,55.1,55.8,55.9,55.3,51.4,47.9,48.0,47.1,49.0,46.9,47.6,47.6,441.4,442.6,443.9,443.4,438.9,431.1,418.8,402.7,395.5,399.7,413.3,424.1,428.0,426.0,422.8,419.7,419.9,404.1,396.5,389.6,382.8,376.8,375.2,379.5,383.1,387.1,392.5,376.5,370.8,364.5,358.6,377.2,373.5,370.4,371.3,373.1,398.1,393.6,391.3,390.3,390.6,393.0,387.9,387.2,387.8,390.8,387.3,386.9,395.5,382.1,376.2,374.9,374.9,380.5,390.1,377.8,371.7,371.7,373.5,381.5,392.0,377.4,375.9,376.2,387.1,373.3,372.9,374.9
0,0,0.975,1.0,17.3,385.9,0.034,0.069,-0.033,-77.7,-76.0,-72.1,-67.4,-59.3,-46.5,-31.5,-14.2,4.3,22.9,41.1,57.1,68.4,73.7,75.5,76.7,77.3,-62.9,-52.1,-39.4,-27.1,-15.4,12.5,25.1,37.1,49.5,60.0,-0.3,-0.3,-0.4,-0.3,-12.8,-6.2,0.5,7.5,14.0,-45.8,-37.8,-27.6,-19.5,-28.1,-38.1,19.1,26.8,36.7,45.0,37.7,28.1,-25.4,-14.5,-5.2,1.0,7.7,17.8,29.3,18.0,8.2,1.0,-5.6,-14.9,-21.0,-5.1,1.3,8.2,24.4,7.6,0.8,-5.4,-25.6,-1.9,22.0,44.6,64.5,80.2,90.0,94.7,94.8,93.2,87.7,76.8,60.6,40.3,18.8,-3.3,-25.6,-35.5,-42.4,-43.6,-41.5,-37.8,-38.9,-43.6,-45.8,-45.5,-39.9,-23.5,-11.6,0.0,11.8,23.0,24.8,26.2,24.3,21.9,-19.9,-24.9,-25.0,-19.2,-16.3,-16.1,-20.6,-27.1,-27.5,-23.0,-18.9,-18.5,52.0,45.3,42.1,43.4,41.6,44.4,49.0,54.0,55.4,56.1,56.3,55.6,51.7,48.2,48.3,47.4,49.3,47.2,47.9,48.0,441.3,442.7,444.1,443.7,439.2,431.4,419.2,403.3,396.0,400.3,413.7,424.4,428.3,426.3,423.1,419.9,420.0,404.2,396.7,389.9,383.3,377.4,376.0,380.2,383.7,387.4,392.6,377.0,371.4,365.2,359.5,377.9,374.2,371.2,372.1,373.8,398.3,393.8,391.6,390.7,390.9,393.4,388.4,387.6,388.2,391.2,387.8,387.3,396.1,382.9,377.0,375.8,375.7,381.3,390.9,378.7,372.7,372.6,374.5,382.4,392.6,378.2,376.8,377.0,387.9,374.2,373.8,375.8
0,0,0.975,1.4,17.4,385.4,0.036,0.068,-0.033,-77.3,-75.5,-71.7,-67.1,-59.1,-46.3,-31.3,-13.9,4.7,23.3,41.6,57.6,68.8,73.9,75.8,77.0,77.6,-62.6,-51.7,-39.0,-26.6,-14.9,12.8,25.5,37.6,50.0,60.5,0.0,0.0,0.0,0.1,-12.4,-5.8,0.8,7.9,14.3,-45.4,-37.4,-27.3,-19.2,-27.7,-37.7,19.4,27.1,37.0,45.3,37.9,28.4,-25.1,-14.2,-4.8,1.4,8.0,18.0,29.5,18.2,8.4,1.3,-5.2,-14.5,-20.7,-4.7,1.6,8.4,24.6,7.9,1.1,-5.1,-25.4,-1.7,22.1,44.7,64.7,80.4,90.3,95.1,95.1,93.4,87.5,76.4,60.3,40.0,18.6,-3.3,-25.5,-35.3,-42.2,-43.5,-41.3,-37.6,-38.7,-43.4,-45.6,-45.3,-39.7,-23.4,-11.5,0.1,11.8,23.0,24.8,26.3,24.4,21.9,-19.8,-24.8,-24.9,-19.1,-16.3,-16.0,-20.6,-27.0,-27.3,-22.9,-18.9,-18.5,52.0,45.4,42.2,43.5,41.7,44.5,49.0,54.1,55.6,56.3,56.4,55.8,51.7,48.3,48.4,47.5,49.4,47.3,48.0,48.1,440.8,442.2,443.7,443.3,438.9,431.1,419.0,403.0,395.7,399.9,413.4,424.0,427.9,425.9,422.7,419.6,419.7,403.7,396.1,389.3,382.5,376.6,375.3,379.6,383.3,387.3,392.7,376.3,370.7,364.5,358.7,377.3,373.6,370.6,371.5,373.3,397.7,393.2,391.0,390.1,390.3,392.7,388.0,387.2,387.8,390.9,387.4,386.9,395.5,382.3,376.4,375.2,375.2,380.7,390.3,378.3,372.3,372.2,374.1,381.9,392.0,377.7,376.2,376.5,387.4,373.7,373.4,375.3
0,0,0.975,1.7,17.4,385.5,0.04,0.067,-0.034,-76.9,-75.2,-71.4,-66.7,-58.7,-45.9,-30.8,-13.4,5.2,23.8,42.0,57.9,69.1,74.3,76.1,77.3,77.8,-62.1,-51.4,-38.7,-26.3,-14.6,13.2,25.8,37.8,50.3,60.7,0.4,0.4,0.4,0.5,-11.9,-5.4,1.2,8.2,14.7,-45.0,-37.0,-26.9,-18.8,-27.3,-37.3,19.7,27.4,37.3,45.7,38.3,28.8,-24.7,-13.8,-4.4,1.8,8.4,18.5,29.9,18.8,8.9,1.8,-4.8,-14.2,-20.3,-4.3,2.0,8.9,25.1,8.3,1.5,-4.7,-25.4,-1.8,22.0,44.4,64.3,80.0,89.9,94.8,95.0,93.4,87.6,76.6,60.4,40.1,18.6,-3.5,-25.7,-35.3,-42.2,-43.5,-41.3,-37.6,-38.7,-43.4,-45.7,-45.3,-39.7,-23.4,-11.5,0.1,11.9,23.1,24.9,26.4,24.4,22.0,-19.9,-24.9,-24.9,-19.2,-16.3,-16.1,-20.6,-27.0,-27.3,-22.9,-18.9,-18.5,52.0,45.5,42.3,43.7,41.8,44.6,49.1,54.3,55.9,56.6,56.7,55.9,51.7,48.5,48.6,47.7,49.5,47.6,48.3,48.3,440.3,441.9,443.6,443.3,438.8,431.0,418.8,403.0,396.0,400.4,413.9,424.4,428.2,426.2,422.9,419.6,419.5,403.6,396.0,389.1,382.4,376.5,375.3,379.5,383.1,387.0,392.3,376.2,370.6,364.4,358.6,377.3,373.7,370.7,371.7,373.4,397.5,393.1,390.9,390.1,390.2,392.6,387.8,387.1,387.7,390.7,387.3,386.8,395.6,382.4,376.6,375.4,375.4,380.9,390.4,378.6,372.7,372.5,374.4,382.2,392.2,377.9,376.5,376.8,387.5,374.0,373.7,375.6
0,0,0.975,2.1,17.4,385.1,0.039,0.067,-0.033,-76.4,-74.8,-71.1,-66.5,-58.4,-45.6,-30.4,-12.8,5.8,24.3,42.4,58.1,69.4,74.7,76.5,77.6,78.1,-61.6,-51.0,-38.3,-25.9,-14.3,13.5,26.1,38.1,50.5,60.9,0.7,0.7,0.7,0.8,-11.6,-5.0,1.5,8.6,15.0,-44.6,-36.6,-26.5,-18.4,-26.9,-36.8,20.0,27.8,37.6,45.9,38.6,29.1,-24.3,-13.5,-4.1,2.1,8.8,18.8,30.3,19.1,9.3,2.1,-4.4,-13.8,-19.9,-4.0,2.3,9.2,25.4,8.7,1.9,-4.4,-25.1,-1.7,21.9,44.2,64.1,79.9,90.0,95.0,95.2,93.6,87.8,76.8,60.7,40.4,18.8,-3.3,-25.6,-35.3,-42.2,-43.5,-41.3,-37.6,-38.7,-43.4,-45.6,-45.3,-39.7,-23.4,-11.5,0.1,11.9,23.0,24.9,26.3,24.4,22.0,-19.9,-24.9,-25.0,-19.3,-16.4,-16.1,-20.6,-27.0,-27.3,-22.9,-18.9,-18.6,51.9,45.5,42.3,43.7,41.9,44.7,49.1,54.4,56.0,56.7,56.7,55.9,51.7,48.4,48.6,47.6,49.4,47.6,48.3,48.3,439.7,441.2,442.9,442.8,438.2,430.4,418.1,402.3,395.5,400.0,413.6,424.2,428.2,426.3,422.8,419.3,419.0,403.1,395.5,388.8,382.1,376.2,374.8,379.0,382.7,386.5,391.8,375.7,370.1,363.9,358.1,376.8,373.2,370.3,371.3,373.0,397.1,392.8,390.6,389.8,390.0,392.4,387.4,386.6,387.3,390.3,386.9,386.4,395.2,381.9,376.2,375.0,375.0,380.4,390.0,378.1,372.3,372.1,374.0,381.7,391.7,377.5,376.1,376.3,387.0,373.7,373.3,375.2
0,0,0.975,2.4,17.6,386.9,0.05,0.074,-0.034,-76.3,-74.7,-70.9,-66.3,-58.2,-45.2,-29.9,-12.2,6.3,24.6,42.6,58.4,69.5,74.8,76.8,77.9,78.2,-61.6,-50.8,-38.1,-25.7,-14.0,13.9,26.4,38.4,50.7,61.0,1.0,1.0,1.0,1.1,-11.1,-4.6,1.8,8.8,15.2,-44.4,-36.4,-26.1,-18.1,-26.6,-36.8,20.4,27.9,38.0,46.2,39.1,29.5,-24.0,-13.0,-3.6,2.5,9.1,19.3,30.8,19.6,9.7,2.6,-4.0,-13.4,-19.5,-3.5,2.8,9.6,25.9,9.1,2.3,-3.9,-25.8,-2.0,21.9,44.5,64.6,80.5,90.9,96.1,96.0,94.2,88.0,76.8,60.6,40.1,18.4,-3.6,-25.9,-35.5,-42.6,-43.9,-41.8,-38.1,-38.7,-43.4,-45.6,-45.2,-39.6,-23.5,-11.7,-0.1,11.6,23.4,25.2,26.6,24.6,22.2,-20.2,-25.7,-25.6,-19.1,-16.2,-16.1,-20.2,-27.2,-27.6,-22.7,-18.4,-18.0,52.0,45.6,42.6,44.0,42.2,44.9,49.3,54.8,56.4,57.0,57.1,56.2,51.8,48.7,48.9,48.0,49.6,48.1,48.8,48.7,440.8,442.7,444.4,444.0,439.3,431.6,420.5,405.2,397.8,401.6,413.8,423.7,427.0,424.8,421.6,418.1,417.4,403.4,396.0,389.3,382.9,377.7,376.1,379.7,382.8,386.2,391.2,377.0,371.8,366.1,360.7,379.0,375.5,372.6,373.3,374.8,397.9,393.5,391.2,390.5,390.8,393.4,388.3,387.1,387.6,390.6,387.4,387.0,397.2,384.1,378.4,377.3,377.1,382.3,391.5,380.5,374.8,374.7,376.6,384.1,394.0,379.5,378.2,378.3,388.6,376.2,375.9,377.7
0,0,0.975,2.8,17.4,384.6,0.043,0.069,-0.034,-75.5,-74.0,-70.3,-65.6,-57.5,-44.6,-29.3,-11.7,6.6,24.8,42.6,58.3,69.6,75.1,77.1,78.2,78.5,-61.0,-50.3,-37.7,-25.4,-13.8,14.3,26.7,38.7,51.0,61.4,1.3,1.3,1.3,1.4,-10.7,-4.3,2.2,9.1,15.5,-43.9,-36.0,-25.7,-17.6,-26.1,-36.3,20.6,28.2,38.2,46.5,39.3,29.7,-23.5,-12.6,-3.2,3.0,9.5,19.6,31.1,20.0,10.1,3.0,-3.4,-12.9,-19.1,-3.0,3.2,10.0,26.3,9.5,2.8,-3.4,-25.6,-2.1,21.7,44.3,64.4,80.3,90.5,95.6,95.6,94.0,88.1,77.1,61.1,40.7,19.0,-3.3,-25.8,-35.5,-42.4,-43.6,-41.5,-37.8,-38.8,-43.5,-45.7,-45.3,-39.8,-23.6,-11.8,-0.2,11.5,23.1,24.8,26.2,24.3,21.9,-20.2,-25.6,-25.6,-19.5,-16.6,-16.3,-20.7,-27.6,-27.9,-23.2,-19.0,-18.6,51.7,45.5,42.4,43.8,41.9,44.6,48.8,54.4,56.1,56.8,56.9,56.0,51.5,48.5,48.6,47.6,49.2,47.9,48.6,48.5,438.5,440.3,442.0,441.8,437.1,429.4,417.7,402.3,395.3,399.6,412.6,423.0,426.8,424.9,421.7,418.0,417.3,401.9,394.3,387.7,381.1,375.6,374.2,378.2,381.7,385.3,390.6,375.0,369.3,363.1,357.3,376.1,372.5,369.6,370.5,372.2,396.1,391.7,389.5,388.8,389.0,391.4,386.5,385.7,386.3,389.4,385.9,385.4,394.8,381.6,375.8,374.7,374.7,380.1,389.6,378.0,372.2,372.1,373.8,381.5,391.5,377.0,375.7,376.0,386.6,373.6,373.2,375.0
0,0,0.975,3.1,17.4,383.4,0.045,0.066,-0.035,-74.9,-73.5,-69.8,-65.2,-57.1,-44.2,-29.0,-11.5,6.9,25.1,42.9,58.6,69.9,75.4,77.3,78.3,78.5,-60.6,-50.0,-37.3,-25.0,-13.4,14.4,26.9,38.8,51.1,61.4,1.5,1.5,1.6,1.7,-10.4,-3.9,2.5,9.4,15.8,-43.5,-35.6,-25.5,-17.4,-25.8,-35.9,20.9,28.5,38.4,46.7,39.5,29.9,-23.1,-12.2,-2.8,3.3,9.9,20.1,31.5,20.4,10.6,3.5,-3.0,-12.5,-18.7,-2.7,3.6,10.4,26.7,9.9,3.2,-3.0,-25.7,-2.3,21.4,43.9,64.1,80.1,90.5,95.9,96.1,94.3,88.1,76.8,60.6,40.3,18.7,-3.4,-25.7,-35.4,-42.2,-43.5,-41.3,-37.7,-38.8,-43.5,-45.8,-45.4,-39.9,-23.7,-11.8,-0.2,11.4,23.0,24.8,26.2,24.3,21.9,-20.2,-25.5,-25.6,-19.6,-16.7,-16.4,-20.9,-27.7,-28.1,-23.4,-19.3,-18.9,51.8,45.7,42.6,43.9,42.1,44.7,48.8,54.6,56.4,57.1,57.2,56.2,51.6,48.6,48.8,47.8,49.2,48.1,48.8,48.8,436.7,438.6,440.5,440.5,435.9,428.2,416.7,401.4,394.6,398.9,411.8,422.1,425.9,424.0,420.8,417.2,416.6,400.6,393.0,386.3,379.8,374.4,373.3,377.2,380.8,384.5,389.8,373.7,367.9,361.5,355.5,374.6,371.0,368.2,369.1,370.9,394.7,390.4,388.2,387.6,387.7,390.1,385.4,384.6,385.3,388.4,384.9,384.4,393.5,380.3,374.5,373.5,373.5,378.9,388.5,377.1,371.3,371.1,372.8,380.3,390.1,375.8,374.5,374.9,385.5,372.6,372.1,373.9
0,0,0.975,3.3,17.9,383.9,0.058,0.071,-0.035,-74.3,-73.0,-69.3,-64.7,-56.5,-43.6,-28.5,-11.0,7.3,25.2,42.7,58.2,69.5,75.0,77.2,78.2,78.4,-60.4,-49.8,-37.1,-24.8,-13.2,14.5,27.0,38.9,51.2,61.6,1.6,1.7,1.7,1.8,-10.0,-3.6,2.7,9.6,15.9,-43.2,-35.4,-25.1,-17.0,-25.4,-35.7,21.0,28.5,38.5,46.8,39.7,30.1,-22.9,-12.0,-2.5,3.6,10.2,20.5,32.0,21.0,11.0,3.9,-2.7,-12.3,-18.4,-2.4,3.9,10.7,27.2,10.2,3.5,-2.7,-25.6,-2.3,21.4,43.9,64.1,80.3,91.4,97.3,97.6,95.7,89.2,77.6,61.2,40.7,18.9,-3.4,-25.9,-35.4,-42.4,-43.6,-41.5,-37.8,-38.5,-43.4,-45.6,-45.2,-39.6,-23.5,-11.9,-0.5,11.1,23.4,25.1,26.5,24.6,22.2,-20.2,-25.6,-25.6,-19.3,-16.3,-16.1,-20.5,-27.4,-27.7,-22.9,-18.6,-18.2,52.5,46.3,43.3,44.7,42.9,45.5,49.7,56.0,58.0,58.7,58.7,57.4,52.3,49.5,49.7,48.8,50.1,49.4,50.1,49.9,435.5,437.8,439.9,440.1,435.1,427.6,417.1,402.6,395.8,399.6,411.5,421.0,424.1,421.9,418.6,414.7,413.6,399.5,392.0,385.3,378.9,374.0,372.5,376.1,379.5,382.9,388.1,373.2,367.7,361.7,356.1,375.1,371.7,369.0,369.8,371.4,394.3,390.0,387.8,387.2,387.5,390.0,384.8,383.7,384.2,387.3,384.1,383.7,394.3,381.0,375.3,374.2,374.0,379.2,388.6,378.1,372.8,372.7,374.4,381.7,391.0,376.7,375.4,375.6,385.8,373.7,373.4,375.1
0,0,0.975,3.6,18.1,381.1,0.059,0.069,-0.038,-73.4,-72.1,-68.5,-63.8,-55.6,-42.7,-27.8,-10.6,7.6,25.5,43.0,58.5,69.7,75.2,77.2,78.2,78.2,-59.5,-49.1,-36.6,-24.4,-12.8,14.7,27.1,39.0,51.2,61.4,2.0,2.0,2.0,2.1,-9.8,-3.4,3.0,9.9,16.2,-42.7,-34.8,-24.7,-16.6,-25.0,-35.1,21.1,28.6,38.5,46.8,39.6,30.1,-22.5,-11.9,-2.3,3.9,10.5,20.8,32.1,21.4,11.4,4.2,-2.4,-12.1,-18.1,-2.1,4.2,11.0,27.4,10.7,3.9,-2.4,-25.4,-2.0,21.8,44.5,64.9,81.1,92.0,97.7,98.0,95.9,89.0,77.1,60.5,40.2,18.5,-3.6,-26.0,-35.1,-41.9,-43.1,-41.0,-37.4,-38.5,-43.3,-45.5,-45.0,-39.5,-23.4,-11.7,-0.3,11.2,23.1,24.8,26.2,24.3,22.0,-20.0,-25.4,-25.4,-19.4,-16.5,-16.3,-20.8,-27.6,-27.9,-23.3,-19.2,-18.8,52.8,46.3,42.9,44.3,42.4,45.2,49.7,57.0,59.4,60.2,60.2,58.6,52.7,49.2,49.3,48.4,50.3,50.6,51.4,51.2,431.9,434.5,436.9,437.5,432.9,425.6,414.7,400.3,393.5,397.3,409.2,418.7,421.8,419.7,416.2,412.6,411.8,396.6,389.0,382.5,376.1,371.1,370.3,374.1,377.6,381.0,386.0,370.2,364.5,358.2,352.4,371.6,368.1,365.3,366.3,368.0,391.0,386.7,384.6,384.0,384.2,386.6,381.9,380.9,381.5,384.6,381.3,380.8,391.6,378.1,371.9,370.8,370.8,376.3,386.0,375.7,370.5,370.4,372.1,379.4,388.3,373.6,372.2,372.5,383.4,371.2,370.9,372.6
0,0,0.975,3.9,18.3,380.8,0.059,0.071,-0.038,-73.1,-71.8,-68.1,-63.3,-54.8,-41.7,-26.7,-9.4,8.4,25.9,42.9,58.2,69.5,75.3,77.6,78.5,78.5,-59.1,-48.8,-36.3,-24.1,-12.7,14.9,27.2,39.1,51.4,61.6,2.1,2.2,2.3,2.4,-9.5,-3.1,3.3,10.2,16.5,-42.3,-34.5,-24.4,-16.3,-24.7,-34.8,21.3,28.8,38.7,46.9,39.8,30.3,-22.0,-11.6,-2.0,4.2,10.7,21.1,32.3,21.7,11.7,4.6,-2.1,-11.8,-17.5,-1.8,4.4,11.2,27.6,11.0,4.2,-2.1,-25.3,-2.0,21.7,44.5,65.1,81.6,92.9,98.9,99.2,97.0,90.0,78.1,61.5,41.1,19.1,-3.4,-26.1,-34.7,-41.7,-43.0,-40.9,-37.2,-38.2,-43.1,-45.4,-45.0,-39.4,-23.2,-11.6,-0.2,11.3,23.1,24.8,26.1,24.2,21.9,-19.8,-25.1,-25.1,-19.1,-16.3,-16.1,-20.6,-27.3,-27.7,-23.1,-19.0,-18.6,52.9,46.1,42.7,44.0,42.2,45.0,49.8,57.3,59.8,60.6,60.6,58.9,52.7,48.9,49.0,48.0,50.3,51.1,51.9,51.7,431.4,434.0,436.5,437.0,432.3,425.1,414.5,400.4,393.8,397.5,409.0,418.3,421.3,419.3,415.9,412.1,411.1,396.2,388.8,382.3,376.1,371.3,370.0,373.6,377.1,380.6,385.8,369.9,364.2,358.0,352.2,371.3,367.8,365.0,366.0,367.8,390.9,386.7,384.6,383.8,384.1,386.5,381.4,380.6,381.2,384.2,381.0,380.4,391.5,377.8,371.6,370.5,370.5,376.0,385.9,375.6,370.4,370.3,372.0,379.2,388.2,373.3,371.9,372.2,383.3,371.3,371.0,372.7
0,0,0.975,4.5,19.2,384.1,0.062,0.064,-0.039,-72.4,-71.4,-68.3,-63.3,-54.1,-40.2,-25.5,-8.7,8.9,26.3,43.2,58.1,69.7,75.9,78.0,79.2,79.9,-58.2,-48.2,-35.9,-23.6,-12.2,15.1,27.6,39.3,51.6,62.2,2.4,2.7,2.8,3.1,-9.6,-3.0,3.9,11.3,18.0,-41.6,-33.7,-24.7,-16.6,-24.8,-33.5,22.0,29.8,38.7,46.7,39.2,30.6,-21.5,-11.1,-1.4,5.1,12.0,22.3,33.3,23.0,13.2,5.7,-1.3,-11.2,-17.0,-1.3,5.3,12.4,28.8,12.3,5.2,-1.4,-25.5,-2.1,22.0,45.3,66.2,82.9,94.1,100.6,101.9,100.1,93.3,81.4,64.5,43.3,20.2,-3.3,-26.5,-34.3,-41.7,-43.1,-41.1,-37.5,-38.5,-43.3,-45.6,-45.4,-40.4,-22.1,-10.8,0.1,11.5,22.2,24.3,25.9,23.6,21.0,-17.0,-20.1,-20.7,-17.9,-15.0,-14.4,-19.4,-23.1,-23.1,-20.8,-17.5,-17.3,52.8,45.9,42.6,43.9,42.1,44.9,49.8,58.4,61.6,62.5,62.5,60.3,52.8,48.5,48.7,47.7,50.4,52.5,53.5,53.4,430.9,434.2,438.6,440.7,435.3,427.3,415.3,402.3,398.3,403.4,415.0,423.8,425.6,422.6,418.0,414.2,413.6,399.1,392.1,385.2,379.2,373.5,371.2,375.9,379.9,383.8,389.3,372.8,367.5,361.9,356.7,374.4,371.0,368.2,369.7,371.7,393.3,389.7,388.2,386.9,387.3,388.9,383.8,383.9,384.4,386.8,384.0,383.4,394.0,380.8,375.1,373.9,374.1,379.5,389.9,379.8,375.1,374.5,375.8,382.6,390.9,376.5,375.3,375.7,387.4,375.8,375.2,376.8
0,0,0.975,4.9,19.4,383.2,0.034,0.061,-0.04,-72.0,-70.9,-68.1,-62.9,-53.3,-38.9,-24.3,-8.0,9.7,27.3,44.4,59.3,70.5,76.2,77.9,79.5,80.7,-58.1,-48.5,-36.2,-23.8,-12.1,15.5,28.1,39.9,52.3,63.3,2.9,3.1,3.3,3.6,-9.6,-2.6,4.5,12.0,18.9,-41.8,-33.4,-24.8,-16.3,-24.7,-33.0,22.4,31.3,39.9,48.1,40.0,31.5,-21.6,-11.5,-1.6,5.3,12.6,23.0,33.9,23.8,14.0,6.0,-1.5,-11.6,-17.1,-1.4,5.6,13.0,29.3,13.1,5.5,-1.6,-25.1,-1.5,22.8,46.4,67.2,83.7,94.6,101.2,103.3,101.7,94.7,82.2,64.7,42.9,19.5,-3.9,-26.8,-34.5,-42.2,-44.0,-42.1,-38.5,-39.5,-43.9,-46.0,-45.9,-41.1,-21.1,-10.4,-0.1,10.6,21.5,23.6,25.3,22.9,20.5,-14.3,-16.0,-16.8,-16.0,-13.0,-12.1,-17.5,-19.0,-18.6,-17.9,-15.0,-15.0,51.8,44.0,40.3,41.7,39.8,43.2,49.0,58.6,62.3,63.3,63.3,60.7,51.7,47.1,47.4,46.5,49.5,51.9,52.8,52.8,430.9,433.6,438.6,440.7,435.2,426.9,413.9,401.7,400.2,406.6,418.5,426.6,427.0,422.9,417.9,415.4,416.1,401.6,395.0,387.3,381.1,374.5,371.4,377.4,382.2,386.7,391.9,374.4,368.8,362.8,357.3,373.8,371.1,368.4,370.1,372.3,394.9,391.1,389.9,387.8,388.4,389.8,385.3,386.1,386.7,388.9,385.9,385.2,391.4,377.8,372.0,370.8,371.2,376.4,387.8,377.5,373.0,372.0,373.2,379.8,388.3,374.1,373.0,373.4,385.3,373.7,372.9,374.4
0,0,0.975,5.1,18.2,374.5,0.012,0.057,-0.039,-70.3,-69.3,-66.6,-61.5,-52.1,-38.0,-23.1,-7.1,10.3,27.5,44.2,58.8,70.2,76.1,77.7,79.3,80.1,-57.2,-47.7,-35.7,-23.5,-12.0,15.5,27.9,39.7,52.3,63.5,3.2,3.5,3.7,4.0,-9.5,-2.5,4.8,12.3,19.2,-41.6,-33.0,-24.6,-15.6,-24.3,-32.4,21.8,31.3,39.8,48.3,39.6,31.1,-21.5,-11.8,-1.7,5.2,12.4,23.0,33.6,23.8,14.1,6.1,-1.5,-11.9,-16.9,-1.5,5.6,13.0,29.0,13.1,5.6,-1.6,-25.0,-1.9,22.3,46.0,66.7,83.1,93.5,99.7,102.1,100.8,94.4,82.2,65.1,43.5,20.0,-3.7,-26.6,-35.2,-42.5,-44.2,-42.3,-38.8,-40.1,-44.4,-46.6,-46.5,-41.5,-22.2,-11.3,-0.8,9.9,19.8,21.8,23.5,21.3,19.0,-15.4,-16.5,-17.5,-17.1,-14.5,-13.5,-18.9,-19.9,-19.5,-19.3,-16.7,-16.8,49.7,41.0,36.6,38.0,36.0,40.0,46.8,57.4,61.7,62.8,62.7,59.8,49.6,44.3,44.5,43.6,47.4,49.7,50.7,50.7,423.3,426.0,431.5,434.2,429.8,421.6,406.7,393.4,392.2,399.3,412.6,421.9,423.4,419.7,414.2,411.5,412.3,395.0,388.5,380.8,374.4,367.0,364.0,370.9,376.5,381.8,387.1,366.8,360.3,353.5,347.1,364.3,361.4,358.5,360.9,363.5,388.2,384.1,382.8,380.3,381.0,382.4,378.3,379.5,380.3,382.4,379.1,378.4,382.4,367.4,360.5,359.2,359.7,365.4,378.1,367.2,362.7,361.8,363.1,370.2,379.0,364.0,362.5,363.0,375.8,363.2,362.6,364.3
0,0,0.975,5.5,17.4,376.9,0.01,0.069,-0.04,-70.4,-69.3,-66.3,-61.1,-51.8,-37.6,-22.8,-6.5,11.0,28.2,44.9,59.5,70.7,76.5,78.0,79.6,80.1,-57.6,-47.8,-35.6,-23.5,-11.9,16.3,28.7,40.4,52.7,63.5,3.6,3.9,4.1,4.4,-9.0,-2.0,5.2,12.6,19.5,-41.9,-33.4,-24.4,-15.5,-24.3,-33.1,22.9,31.9,40.9,49.3,41.1,32.2,-21.8,-12.2,-1.8,5.5,13.1,24.1,34.9,25.3,15.0,6.5,-1.5,-12.2,-17.1,-1.4,6.0,13.7,30.2,13.9,6.0,-1.6,-25.1,-1.8,22.4,45.8,66.4,82.6,93.5,99.8,101.8,100.3,93.2,80.8,63.8,42.2,19.0,-4.4,-27.0,-36.3,-43.8,-45.5,-43.7,-40.1,-40.9,-45.3,-47.3,-47.2,-42.1,-23.6,-12.5,-1.7,9.4,19.6,21.6,23.3,20.9,18.6,-17.6,-19.8,-20.5,-18.6,-16.0,-15.3,-20.1,-22.4,-22.1,-20.8,-17.9,-17.9,49.1,39.8,35.4,36.9,35.0,38.9,46.1,57.4,62.0,63.2,63.1,59.7,49.0,43.7,43.8,43.0,46.7,49.7,50.8,50.7,424.8,427.8,433.1,435.2,430.2,421.4,407.6,394.5,392.7,399.1,411.0,419.7,420.7,417.1,411.8,409.1,409.1,396.0,390.0,383.0,377.0,370.8,368.2,373.5,377.8,381.5,385.4,369.7,363.8,357.6,351.8,368.1,365.1,362.4,364.2,366.3,390.0,386.2,384.8,382.4,383.3,385.0,380.4,380.9,381.4,383.2,380.5,380.0,385.2,370.6,363.7,362.2,362.6,367.9,379.2,370.4,366.0,365.4,366.7,373.6,382.1,367.1,365.5,365.7,377.3,366.5,366.0,367.7
0,0,0.975,6.0,17.2,380.8,0.013,0.078,-0.043,-71.0,-69.6,-66.0,-60.8,-51.6,-37.5,-22.5,-5.6,11.8,28.4,45.1,59.7,71.2,77.3,78.9,80.0,80.3,-57.5,-47.8,-35.7,-23.6,-12.1,16.5,29.1,40.9,53.5,64.2,3.8,4.2,4.6,5.0,-8.1,-1.2,5.7,13.1,19.9,-40.1,-31.8,-22.6,-14.1,-22.7,-31.7,22.2,30.4,39.6,48.0,40.2,31.3,-22.0,-12.2,-1.4,6.1,13.9,25.3,36.5,26.6,16.0,7.3,-0.9,-12.0,-17.1,-1.0,6.6,14.6,31.7,14.8,6.7,-1.1,-25.3,-1.4,23.2,46.8,67.2,83.3,94.1,99.9,101.2,99.6,93.1,81.3,64.7,43.4,19.9,-3.8,-27.1,-36.3,-43.9,-45.6,-43.9,-40.4,-41.2,-45.9,-47.9,-47.5,-42.1,-24.2,-12.8,-1.8,9.6,20.0,21.8,23.4,21.0,18.6,-19.0,-22.1,-22.6,-19.5,-17.0,-16.5,-21.0,-24.8,-24.8,-22.5,-19.3,-19.1,49.3,39.8,35.3,36.7,34.7,38.4,45.6,57.4,62.0,63.3,63.3,60.0,49.2,43.6,43.6,42.6,46.3,49.9,50.9,50.9,429.4,432.2,436.4,437.8,432.1,423.4,410.0,396.1,393.1,398.5,410.6,419.4,421.0,418.2,413.1,409.5,408.8,398.7,392.6,385.9,380.2,374.5,371.0,375.9,379.8,383.8,388.1,372.9,367.8,362.5,357.6,373.2,369.9,367.0,368.6,370.5,392.0,388.6,387.1,385.4,385.7,387.5,382.8,382.6,383.0,384.5,382.1,381.8,391.2,376.1,368.8,367.0,366.8,372.0,383.2,374.1,369.5,369.5,371.5,379.1,388.4,372.1,370.1,369.8,381.4,370.4,370.4,372.5
0,0,0.975,6.3,17.2,381.2,0.013,0.079,-0.042,-70.7,-69.3,-65.7,-60.6,-51.6,-37.5,-22.3,-5.2,12.2,28.7,45.3,60.0,71.7,77.9,79.6,80.7,80.6,-57.6,-47.3,-35.2,-23.1,-11.7,16.9,29.4,41.3,53.8,64.6,4.0,4.5,4.9,5.4,-7.7,-0.8,6.0,13.3,20.1,-40.5,-32.1,-22.4,-13.8,-22.5,-32.1,22.6,30.9,40.4,48.9,41.3,32.0,-22.2,-12.1,-1.2,6.4,14.3,26.0,37.5,27.4,16.5,7.6,-0.7,-12.0,-17.3,-0.8,6.9,15.0,32.7,15.3,6.9,-1.0,-25.2,-1.4,23.2,46.6,66.9,83.2,94.2,99.9,101.0,99.4,93.0,81.4,64.9,43.6,20.1,-3.7,-27.1,-35.8,-43.3,-44.8,-43.3,-39.9,-40.7,-45.5,-47.5,-47.1,-41.6,-24.2,-12.8,-1.7,9.6,20.5,22.2,23.7,21.3,19.1,-19.1,-23.0,-23.3,-19.2,-16.7,-16.2,-20.8,-25.6,-25.8,-22.8,-19.3,-19.0,49.3,39.7,35.2,36.6,34.6,38.2,45.4,57.2,61.9,63.1,63.2,59.9,49.3,43.5,43.5,42.5,46.2,49.9,51.0,50.9,429.9,432.4,436.0,437.1,432.0,423.8,411.3,397.3,393.6,398.6,410.4,419.2,421.0,418.5,413.8,410.4,409.5,398.7,392.7,386.3,380.6,375.3,371.8,376.2,379.9,383.6,387.7,373.5,368.4,363.0,358.0,373.9,370.4,367.5,369.0,370.8,392.9,389.2,387.7,385.9,386.4,388.4,383.3,383.0,383.3,384.9,382.4,382.2,392.4,376.9,369.4,367.5,367.2,372.6,383.7,374.7,369.8,369.9,372.0,380.0,389.6,372.6,370.5,370.1,381.9,370.8,370.8,373.0
0,0,0.975,6.6,17.2,380.7,0.017,0.076,-0.043,-70.4,-69.0,-65.4,-60.4,-51.5,-37.5,-22.2,-5.0,12.4,29.1,45.8,60.4,72.0,78.3,80.0,81.1,81.0,-57.2,-46.9,-34.7,-22.6,-11.1,17.1,29.6,41.5,54.2,64.9,4.4,4.9,5.3,5.7,-7.6,-0.6,6.4,13.7,20.5,-40.2,-31.8,-22.1,-13.4,-22.3,-31.8,23.0,31.3,40.9,49.4,41.7,32.4,-22.3,-12.2,-1.2,6.6,14.8,26.6,38.1,28.0,17.0,7.9,-0.6,-12.1,-17.4,-0.8,7.1,15.5,33.3,15.8,7.2,-0.9,-24.6,-0.9,23.5,46.7,67.0,83.1,94.0,99.6,100.7,99.0,92.6,80.9,64.4,43.1,19.6,-4.1,-27.4,-35.5,-42.9,-44.4,-42.8,-39.3,-40.2,-45.0,-47.1,-46.8,-41.3,-24.1,-12.7,-1.7,9.7,20.4,22.0,23.6,21.2,19.0,-19.2,-23.0,-23.3,-19.2,-16.8,-16.4,-20.7,-25.6,-25.7,-22.9,-19.4,-19.1,49.0,39.3,34.8,36.3,34.2,37.9,45.2,57.1,61.9,63.2,63.2,59.8,48.9,43.1,43.1,42.1,45.9,49.9,51.1,51.0,429.2,431.6,435.3,436.6,432.0,424.1,411.5,397.2,393.4,398.6,410.6,419.5,421.4,419.1,414.3,411.1,410.4,398.2,392.0,385.6,379.7,374.3,371.1,375.6,379.4,383.4,387.7,372.6,367.4,361.9,356.8,373.0,369.5,366.5,368.1,370.0,392.4,388.6,387.1,385.3,385.7,387.7,382.9,382.5,382.8,384.5,381.9,381.7,392.0,376.2,368.5,366.6,366.5,372.0,383.3,374.5,369.5,369.6,371.7,379.7,389.2,371.8,369.7,369.4,381.7,370.4,370.4,372.7
0,0,0.975,7.0,17.5,381.4,0.005,0.066,-0.041,-69.9,-68.6,-65.7,-60.7,-51.4,-37.0,-21.9,-5.2,12.5,29.8,46.8,61.5,73.0,79.0,80.3,81.8,82.5,-56.5,-46.7,-34.4,-22.1,-10.5,17.7,30.2,42.0,54.6,65.6,5.0,5.4,5.7,6.0,-8.2,-0.8,6.7,14.5,21.6,-40.6,-31.9,-23.2,-14.2,-23.1,-31.5,24.4,33.5,42.3,50.8,42.5,33.8,-22.2,-12.2,-1.1,6.9,15.4,27.2,38.6,28.6,17.6,8.1,-0.6,-12.2,-17.4,-0.8,7.3,16.0,33.9,16.5,7.6,-0.8,-24.8,-1.2,23.2,46.7,67.1,83.0,93.3,99.1,101.1,99.8,93.5,81.8,65.0,43.3,19.8,-4.0,-27.2,-35.2,-42.9,-44.6,-43.1,-39.6,-40.8,-45.3,-47.4,-47.4,-42.4,-23.2,-12.2,-1.6,9.3,19.0,21.1,22.9,20.3,17.9,-16.5,-18.4,-19.2,-17.8,-15.4,-14.7,-19.6,-21.7,-21.5,-20.6,-17.9,-17.8,48.2,38.4,34.1,35.4,33.4,37.3,44.9,57.4,62.7,64.0,63.9,60.2,48.2,41.9,42.0,41.1,45.6,50.8,52.0,52.0,428.3,430.6,435.6,437.9,433.7,425.4,411.4,397.6,395.5,402.0,414.4,423.3,424.5,421.2,415.8,414.0,415.0,400.4,394.7,388.0,382.0,375.7,372.9,378.5,382.8,386.9,391.0,374.4,368.8,363.1,357.6,373.0,369.8,366.9,368.8,370.9,394.0,390.5,389.4,387.0,387.6,389.0,384.9,385.5,386.0,387.4,384.8,384.4,391.2,375.9,368.4,366.5,367.0,372.9,384.9,375.7,370.6,370.0,371.6,379.4,388.5,371.3,369.5,369.6,383.3,371.6,371.2,373.2
0,0,0.975,7.0,16.8,377.0,-0.001,0.059,-0.043,-69.4,-68.1,-65.2,-60.2,-50.9,-36.6,-21.4,-5.1,12.5,29.9,46.9,61.7,73.3,79.3,80.6,82.1,82.8,-56.3,-46.5,-34.5,-22.3,-10.7,17.4,29.9,41.8,54.6,66.0,5.0,5.4,5.8,6.2,-8.4,-0.9,6.8,14.7,21.9,-40.5,-31.6,-23.3,-14.0,-23.0,-31.1,23.7,33.3,41.8,50.5,41.7,33.2,-22.2,-12.2,-1.1,6.9,15.3,27.1,38.5,28.4,17.6,8.1,-0.6,-12.1,-17.4,-0.7,7.3,16.0,33.9,16.5,7.6,-0.7,-24.7,-1.3,23.0,46.4,66.8,82.5,92.1,97.5,99.7,98.6,92.9,81.5,64.8,43.1,19.6,-4.2,-27.3,-35.3,-42.7,-44.5,-42.9,-39.5,-41.1,-45.6,-47.8,-47.7,-42.7,-23.0,-12.1,-1.7,9.0,18.0,20.1,21.9,19.4,16.9,-15.9,-17.1,-18.1,-17.7,-15.5,-14.5,-19.8,-21.0,-20.7,-20.6,-18.2,-18.2,46.9,36.9,32.3,33.6,31.6,35.6,43.4,55.7,61.0,62.4,62.4,58.8,46.8,40.2,40.3,39.3,44.1,48.9,50.1,50.2,426.0,427.8,432.8,435.4,431.9,424.0,408.7,394.2,392.5,399.6,413.5,423.4,425.1,421.8,416.2,414.6,416.4,397.9,391.9,384.6,378.2,370.7,367.6,374.6,380.0,385.5,390.6,370.1,364.0,357.7,351.7,367.9,364.6,361.3,363.7,366.3,390.9,387.0,386.0,383.2,383.9,385.0,381.2,382.5,383.3,384.9,381.7,381.1,387.0,370.7,362.6,360.6,361.2,367.8,381.2,370.5,364.8,364.2,365.8,374.3,383.9,366.0,364.0,364.3,379.5,365.9,365.5,367.7
0,0,0.975,6.9,16.1,382.3,-0.009,0.071,-0.042,-70.6,-68.9,-65.6,-60.6,-51.5,-37.1,-21.8,-4.9,12.9,30.2,47.1,61.9,73.4,79.3,80.6,82.3,83.2,-57.5,-47.9,-35.5,-23.1,-11.3,18.1,30.6,42.3,54.7,65.7,5.0,5.3,5.6,6.0,-8.6,-1.0,6.7,14.6,21.8,-41.2,-32.5,-23.6,-14.6,-23.6,-32.2,24.8,33.9,42.9,51.4,43.2,34.3,-22.2,-12.3,-1.5,6.8,15.6,27.3,38.5,28.6,17.7,8.0,-1.0,-12.2,-17.4,-1.1,7.2,16.2,33.7,16.7,7.5,-1.1,-25.6,-1.8,22.4,45.7,66.0,81.8,91.8,97.2,98.8,97.6,91.6,80.7,64.3,42.7,19.1,-4.7,-27.8,-36.1,-44.5,-46.5,-44.9,-41.4,-42.4,-46.8,-48.8,-48.8,-43.6,-24.1,-12.8,-1.9,9.3,18.2,20.3,22.2,19.5,16.9,-17.7,-19.9,-20.6,-18.9,-16.5,-15.9,-20.6,-23.0,-22.9,-21.7,-19.0,-18.8,46.6,36.6,32.3,33.6,31.6,35.3,43.1,54.7,59.7,61.1,61.1,57.7,46.5,39.8,39.9,38.8,43.7,48.7,50.0,50.1,431.4,433.1,437.3,438.9,434.5,425.7,411.2,396.8,394.4,401.1,413.7,423.2,424.9,421.8,416.6,415.2,416.5,403.0,397.4,390.5,384.3,377.7,374.9,380.1,383.8,387.7,391.6,376.5,371.0,365.4,360.2,375.1,371.7,368.5,370.2,372.1,395.8,392.3,391.2,388.6,389.5,391.0,386.2,387.0,387.5,388.9,386.3,385.8,391.6,376.9,369.9,367.9,368.4,374.1,385.5,376.0,370.4,369.8,371.4,379.1,389.0,372.2,370.3,370.5,383.6,372.3,371.8,374.0
0,0,0.975,6.4,16.3,386.3,0.028,0.086,-0.046,-71.9,-69.8,-65.9,-60.9,-51.9,-37.8,-22.4,-5.1,12.7,29.9,46.9,61.7,73.1,79.3,80.7,82.0,82.7,-57.9,-48.3,-36.2,-23.9,-12.4,17.5,30.1,41.9,54.4,65.2,4.3,4.7,5.1,5.6,-8.8,-1.3,6.1,14.0,21.1,-40.4,-32.0,-22.8,-14.5,-23.1,-32.0,23.2,31.4,40.5,48.8,41.2,32.3,-22.8,-13.1,-2.2,6.2,15.1,27.1,38.7,28.4,17.1,7.2,-1.8,-13.1,-18.2,-1.9,6.5,15.6,34.0,16.4,7.0,-1.7,-26.0,-1.7,22.6,45.9,66.1,82.1,92.6,97.8,98.6,96.6,90.6,79.8,63.5,42.5,19.3,-4.5,-28.0,-36.3,-44.8,-46.8,-45.3,-41.6,-42.8,-47.6,-49.5,-49.1,-43.4,-23.8,-12.3,-1.1,10.4,19.0,21.2,23.1,20.3,17.5,-18.4,-21.8,-22.2,-18.9,-16.6,-16.2,-20.7,-24.8,-25.1,-22.7,-19.7,-19.2,47.2,37.3,33.4,34.6,32.6,35.9,43.3,55.4,60.5,61.9,61.9,58.3,47.0,39.8,39.9,38.8,44.0,51.0,52.5,52.5,436.6,438.0,440.7,441.4,436.9,429.1,416.1,401.1,396.7,401.4,413.3,422.0,423.6,420.9,416.3,414.5,415.6,404.0,398.3,391.2,384.8,378.4,374.5,379.4,382.9,387.4,392.5,377.5,373.2,368.7,364.7,379.7,375.8,372.3,373.2,374.6,396.6,393.1,391.9,389.8,390.3,391.9,386.3,386.6,386.9,388.5,385.9,385.4,398.5,383.6,376.1,373.6,373.5,379.4,390.7,381.1,375.4,375.5,377.8,386.2,396.3,377.5,375.1,374.7,389.0,377.8,378.0,380.7
0,0,0.975,5.7,16.9,386.6,0.042,0.1,-0.049,-72.0,-69.9,-65.9,-60.8,-52.1,-38.4,-22.9,-5.3,12.6,29.7,46.6,61.4,72.7,78.6,80.2,81.4,82.1,-58.8,-49.1,-37.1,-24.9,-13.8,16.6,29.0,40.8,53.2,63.8,3.3,3.6,4.0,4.4,-9.6,-2.1,5.2,12.9,19.9,-41.6,-33.3,-23.5,-15.2,-24.0,-33.5,22.4,30.4,40.0,48.5,41.1,31.7,-23.2,-13.6,-2.8,5.2,13.9,26.1,38.3,27.6,16.0,6.5,-2.2,-13.5,-18.7,-2.5,5.5,14.3,33.4,15.4,6.3,-2.2,-25.0,-0.9,22.8,45.6,65.6,81.9,93.1,98.6,99.0,96.7,90.6,79.9,63.8,43.0,20.1,-3.5,-26.9,-36.0,-44.8,-46.7,-45.1,-41.2,-42.3,-47.3,-49.3,-48.8,-42.7,-23.0,-11.3,-0.0,11.6,20.4,22.5,24.3,21.5,18.7,-17.9,-22.3,-22.4,-17.6,-15.3,-15.1,-19.5,-25.1,-25.7,-22.3,-18.8,-17.9,48.1,38.3,34.3,35.5,33.5,36.6,43.9,56.3,61.2,62.7,62.8,59.3,48.0,40.4,40.5,39.2,44.6,52.7,54.1,54.2,437.1,438.1,439.8,440.2,437.0,430.3,419.0,403.7,397.7,401.0,411.8,420.0,421.4,418.6,414.6,413.2,414.0,403.2,397.7,390.5,383.8,377.9,372.7,377.0,380.0,384.5,389.5,377.1,372.9,368.7,364.8,380.1,376.2,372.5,373.1,374.3,397.5,393.6,391.9,389.7,390.7,392.8,385.2,385.2,385.4,387.1,384.4,384.0,400.1,384.6,376.6,374.0,373.6,379.6,391.1,381.5,375.5,376.1,378.5,387.1,398.0,377.8,375.2,374.6,389.3,378.3,378.8,381.5
0,0,0.975,4.4,17.7,384.6,0.066,0.116,-0.059,-72.2,-70.0,-65.9,-60.8,-52.4,-39.2,-23.9,-6.5,11.5,29.0,46.0,61.1,72.1,77.7,79.1,80.2,80.7,-59.9,-50.6,-38.7,-26.7,-15.6,14.7,26.9,38.6,51.0,61.3,1.6,1.9,2.2,2.5,-11.2,-3.8,3.6,11.3,18.3,-42.9,-34.6,-24.8,-16.5,-25.3,-34.8,20.8,28.7,38.3,46.7,39.4,30.0,-23.8,-14.8,-4.3,3.6,12.1,24.2,36.3,26.0,14.7,5.2,-3.4,-14.5,-19.3,-3.9,4.0,12.6,31.4,14.1,5.1,-3.3,-23.9,0.1,23.6,46.2,66.4,82.9,94.3,100.0,100.2,97.4,90.4,78.9,62.3,41.5,18.8,-4.4,-27.5,-35.2,-44.1,-46.0,-44.4,-40.4,-41.5,-46.5,-48.6,-48.1,-42.0,-21.9,-10.2,1.2,12.8,21.3,23.4,25.2,22.4,19.5,-17.2,-21.5,-21.6,-16.7,-14.4,-14.3,-18.6,-24.3,-25.0,-21.8,-18.1,-17.2,49.5,39.1,34.9,36.0,33.9,37.1,44.7,57.6,62.9,64.5,64.6,61.0,49.2,41.1,41.1,39.9,45.4,54.2,55.8,55.9,434.2,435.7,437.7,438.6,436.6,430.7,419.9,404.4,397.5,400.2,409.8,417.2,418.2,414.8,410.5,408.8,409.3,400.9,395.1,387.4,380.4,374.3,368.4,372.0,374.6,378.9,383.6,373.9,370.0,366.2,362.6,378.0,374.1,370.4,370.7,371.7,395.4,390.9,388.8,386.5,388.1,390.5,381.1,380.6,380.6,382.3,379.8,379.6,398.4,382.7,374.2,371.5,370.8,376.7,388.0,379.3,373.9,374.9,377.5,385.9,396.3,375.8,373.0,372.1,386.5,376.5,377.2,380.2
0,0,0.975,2.7,18.9,379.4,0.052,0.114,-0.068,-72.5,-70.3,-66.6,-61.1,-52.1,-38.7,-24.4,-8.6,9.6,28.0,45.8,61.2,71.9,76.8,77.6,79.0,80.2,-60.5,-51.9,-40.5,-28.5,-17.6,11.9,24.7,36.6,49.1,59.7,-0.2,-0.1,0.1,0.4,-13.9,-6.3,1.5,9.5,16.5,-44.5,-36.0,-27.6,-19.1,-27.7,-35.8,18.7,27.6,36.0,44.5,36.1,27.6,-24.0,-16.1,-6.2,1.4,9.5,20.9,32.1,22.7,12.3,3.3,-5.0,-15.6,-19.8,-5.7,1.9,10.1,27.6,11.7,3.1,-4.9,-21.9,2.0,26.0,49.1,69.4,85.3,95.4,101.0,102.3,99.3,91.6,78.9,61.5,40.0,17.5,-5.6,-28.0,-34.7,-43.3,-45.6,-44.0,-40.0,-41.7,-46.2,-48.3,-47.8,-42.3,-19.5,-8.4,2.3,13.2,20.8,23.2,25.2,22.3,19.4,-12.6,-14.1,-14.9,-14.0,-11.6,-10.9,-16.5,-18.2,-18.3,-18.0,-15.3,-14.8,50.5,39.3,34.6,35.7,33.6,37.4,45.7,59.1,64.9,66.6,66.8,62.8,50.0,41.3,41.2,40.1,46.3,55.0,56.7,56.9,430.0,432.0,436.0,438.2,436.0,429.4,415.8,401.1,396.8,400.9,411.1,417.9,417.7,413.1,408.0,407.4,409.8,399.5,393.7,385.0,377.4,369.3,363.1,369.2,373.4,378.7,383.7,370.1,365.6,361.0,356.7,371.5,368.1,364.6,365.3,366.5,392.3,387.5,385.7,382.5,384.2,386.0,377.5,378.2,378.4,380.0,377.2,376.7,390.4,375.3,366.7,364.0,363.7,369.8,382.2,373.2,368.7,369.2,371.4,379.1,388.0,369.1,366.4,365.8,380.9,370.5,371.0,373.9
0,0,0.975,1.6,19.5,379.9,0.051,0.135,-0.066,-72.9,-70.9,-67.1,-61.2,-52.0,-38.9,-25.4,-9.8,8.3,26.5,44.1,59.7,70.1,74.6,75.6,77.6,79.3,-61.2,-53.2,-42.1,-30.0,-19.3,11.0,23.7,35.4,47.6,57.7,-1.6,-1.6,-1.5,-1.4,-14.7,-7.3,0.1,7.7,14.5,-45.3,-36.7,-28.0,-19.8,-28.2,-36.6,17.7,26.4,35.1,43.5,35.3,26.5,-22.6,-16.3,-7.0,-0.1,6.9,17.6,27.8,20.0,10.6,2.6,-5.2,-15.3,-18.2,-6.2,0.6,7.7,23.1,9.6,2.0,-5.4,-22.2,1.9,26.0,49.3,70.0,86.3,97.4,103.9,105.4,102.1,93.1,79.3,61.3,39.4,16.8,-5.9,-27.9,-36.0,-45.3,-47.8,-46.1,-42.0,-42.7,-47.0,-49.1,-48.5,-42.7,-19.3,-8.6,1.5,12.0,21.0,23.1,24.9,22.2,19.5,-12.2,-13.7,-14.3,-13.4,-10.6,-10.1,-15.4,-16.8,-16.7,-16.5,-13.5,-13.1,52.5,39.6,33.9,35.1,33.0,37.7,47.8,61.9,68.2,69.8,70.0,65.8,51.7,42.2,41.9,41.2,48.1,56.5,57.9,58.2,428.2,430.9,435.4,437.7,435.3,428.7,416.6,404.2,400.7,403.9,411.1,416.0,414.1,408.4,403.1,402.1,403.5,399.8,394.6,385.6,378.4,371.1,362.8,367.9,371.2,375.7,379.2,371.7,368.0,364.4,360.9,373.0,370.7,367.9,368.2,368.9,393.8,388.4,386.2,382.7,385.4,387.7,376.9,376.7,376.7,378.2,375.9,375.7,388.0,373.8,365.8,363.2,362.6,367.3,378.7,372.4,369.9,370.9,372.9,378.6,385.7,369.4,366.7,365.5,377.5,370.9,371.7,374.2
0,0,0.975,1.3,17.2,373.6,0.054,0.134,-0.063,-72.5,-70.3,-66.1,-59.8,-50.9,-38.4,-25.0,-9.7,8.1,26.3,43.2,58.2,68.4,72.9,74.5,76.9,78.5,-61.1,-53.5,-42.0,-29.6,-18.9,11.3,23.6,35.3,47.3,56.7,-1.6,-1.7,-1.8,-1.8,-14.4,-7.5,-0.4,6.6,12.9,-45.5,-37.1,-28.3,-20.1,-28.4,-37.0,17.9,26.5,35.3,43.6,35.6,26.7,-19.6,-15.3,-6.9,-0.7,5.6,15.3,23.3,18.0,10.1,2.7,-4.6,-14.1,-15.5,-6.2,-0.0,6.4,18.9,9.2,2.2,-4.7,-23.8,0.3,24.1,46.9,67.6,84.0,95.4,102.5,104.4,101.1,91.7,77.5,59.5,37.7,15.3,-7.5,-29.5,-38.1,-48.2,-50.7,-48.7,-44.1,-44.8,-49.1,-51.3,-50.7,-44.6,-22.3,-11.4,-1.0,9.6,17.7,20.0,21.8,19.2,16.7,-16.2,-18.1,-18.6,-16.9,-14.3,-13.9,-18.7,-20.6,-20.6,-19.9,-16.7,-16.3,50.2,36.4,30.4,31.7,29.8,35.2,46.4,61.8,68.7,70.3,70.3,64.9,49.0,38.2,38.0,37.6,46.5,57.3,58.8,58.8,420.6,423.9,428.4,430.5,428.7,422.5,410.9,399.3,395.7,398.9,405.0,409.0,407.6,402.3,397.8,397.2,397.9,393.8,388.7,379.5,371.9,364.5,357.3,361.5,364.6,369.1,373.2,365.4,361.3,357.4,353.5,365.3,363.3,360.8,360.7,361.3,387.9,382.4,380.0,376.3,379.8,382.3,370.7,370.5,370.5,372.5,370.0,369.7,378.0,365.7,358.5,356.2,355.9,360.2,369.8,366.9,366.7,367.9,369.2,372.0,375.9,362.1,359.7,358.9,369.0,367.4,368.3,370.2
0,0,0.975,1.7,16.2,372.5,0.057,0.143,-0.065,-73.0,-70.3,-65.4,-58.8,-49.7,-37.3,-24.0,-8.8,8.6,26.3,42.9,57.5,67.4,72.1,73.8,76.0,77.5,-60.6,-53.0,-41.4,-29.2,-18.5,11.8,24.0,35.5,47.4,56.4,-1.1,-1.2,-1.3,-1.3,-13.6,-6.9,-0.1,6.8,13.0,-44.2,-35.9,-26.9,-19.2,-27.2,-36.0,17.8,25.6,34.5,42.6,35.1,26.1,-19.1,-15.0,-6.6,-0.3,6.0,15.9,23.7,18.8,10.7,3.3,-4.1,-13.7,-15.0,-5.8,0.3,6.7,19.4,9.9,2.8,-4.1,-25.3,-0.5,23.9,47.3,68.1,84.6,95.9,102.5,103.7,100.1,90.6,76.5,58.6,37.3,15.0,-7.9,-30.2,-39.1,-49.3,-51.9,-50.0,-45.4,-46.2,-50.6,-52.6,-51.7,-45.2,-24.4,-13.2,-2.6,8.2,16.4,18.6,20.4,17.9,15.4,-19.1,-22.1,-22.4,-19.5,-17.0,-16.7,-21.3,-24.5,-24.6,-22.9,-19.6,-19.1,49.8,35.4,29.3,30.5,28.6,34.0,45.7,62.0,69.3,71.0,71.0,65.2,48.5,36.9,36.6,36.1,45.9,58.2,59.8,59.8,420.8,423.9,427.4,428.5,425.4,418.8,407.5,395.8,391.4,393.5,399.2,402.8,401.6,396.9,392.6,391.6,392.3,391.0,386.0,377.5,370.3,363.7,357.2,360.7,362.8,366.5,370.0,363.5,359.9,356.5,353.1,364.4,362.0,359.6,359.3,359.6,384.4,379.4,377.1,373.9,377.0,379.5,368.2,367.4,367.3,369.3,367.1,366.8,378.1,366.1,358.7,356.2,355.7,359.8,368.7,366.4,366.4,368.0,369.6,372.6,376.4,361.9,359.2,358.2,368.3,367.3,368.4,370.6
0,0,0.975,1.9,17.0,374.7,0.065,0.151,-0.067,-73.1,-70.4,-65.2,-58.7,-49.6,-37.2,-23.4,-7.8,9.3,26.6,42.8,57.3,67.2,72.0,74.0,76.0,77.1,-60.9,-52.7,-41.0,-28.7,-18.2,12.0,24.1,35.6,47.6,56.7,-1.1,-1.1,-1.1,-1.0,-13.0,-6.5,0.0,6.8,12.9,-44.2,-36.0,-26.4,-18.8,-26.9,-36.3,17.8,25.0,34.3,42.4,35.4,26.1,-18.9,-15.0,-6.4,-0.2,6.3,16.3,24.3,19.5,11.3,3.8,-3.6,-13.5,-14.7,-5.7,0.5,7.0,19.9,10.5,3.3,-3.7,-25.1,0.1,25.0,48.4,69.4,86.2,98.1,104.7,105.3,101.4,91.6,77.3,59.3,38.0,15.8,-7.0,-29.5,-37.8,-48.0,-50.3,-48.5,-44.0,-44.8,-49.3,-51.4,-50.6,-44.0,-24.0,-12.8,-2.1,8.8,17.7,19.7,21.4,18.9,16.3,-19.2,-23.4,-23.4,-18.8,-16.4,-16.4,-20.7,-25.5,-25.9,-23.1,-19.4,-18.6,50.9,36.1,29.9,31.1,29.2,34.5,46.4,63.0,70.4,72.2,72.2,66.4,49.6,37.5,37.2,36.7,46.7,59.6,61.3,61.2,422.4,425.6,428.4,429.1,426.5,420.8,411.5,399.5,393.5,394.4,398.7,401.7,400.5,396.1,392.3,391.3,391.2,391.8,386.8,378.6,371.8,366.0,358.9,361.3,362.9,366.7,370.5,365.1,362.0,359.1,356.1,367.3,364.7,362.1,361.4,361.6,386.1,380.9,378.3,375.4,378.5,381.4,369.5,368.1,367.7,369.6,367.5,367.4,381.5,369.0,361.4,358.8,358.0,362.0,370.3,369.0,369.1,371.3,373.2,376.2,379.8,364.5,361.5,360.4,370.1,370.1,371.6,373.9
0,0,0.975,1.8,17.8,376.0,0.066,0.15,-0.069,-73.5,-70.7,-65.5,-59.0,-49.9,-37.4,-23.4,-7.7,9.2,26.2,42.4,57.0,67.3,72.5,74.4,76.3,77.0,-61.5,-52.7,-40.7,-28.5,-17.9,11.6,23.8,35.2,47.3,56.7,-1.3,-1.4,-1.3,-1.1,-13.4,-6.8,-0.1,6.8,13.1,-45.0,-36.8,-27.1,-19.3,-27.5,-37.1,17.9,25.1,34.6,42.7,35.7,26.3,-20.1,-15.5,-6.6,-0.2,6.5,17.1,25.8,20.4,11.6,3.8,-3.8,-14.1,-15.7,-5.8,0.5,7.3,21.4,10.6,3.2,-3.9,-24.5,0.8,25.7,49.1,70.1,86.9,98.9,105.2,105.6,101.9,92.5,78.4,60.5,39.0,16.5,-6.6,-29.3,-35.7,-45.3,-47.3,-45.5,-41.3,-42.3,-46.7,-48.9,-48.4,-42.1,-23.4,-12.1,-1.3,9.8,18.5,20.5,22.2,19.6,17.0,-19.1,-23.6,-23.6,-18.5,-16.3,-16.3,-20.5,-25.9,-26.4,-23.3,-19.6,-18.7,51.7,36.9,30.7,31.9,30.0,35.2,46.9,63.3,70.6,72.4,72.5,66.9,50.5,38.3,38.0,37.4,47.3,59.7,61.3,61.3,424.0,427.0,429.9,430.5,428.2,422.6,413.6,400.9,394.1,394.8,399.6,403.3,402.6,398.5,394.4,393.1,392.8,392.8,387.5,379.8,373.2,367.6,361.5,363.6,364.7,367.8,371.2,365.9,362.6,359.5,356.4,368.5,365.3,362.5,362.0,362.3,387.6,382.6,379.9,376.9,379.9,383.0,371.1,369.4,369.0,370.6,368.7,368.8,384.7,371.3,363.1,360.3,359.5,363.9,372.4,370.6,370.1,372.3,374.4,378.5,382.9,366.1,363.0,361.9,372.3,370.9,372.4,375.0
0,0,0.975,1.6,18.0,376.6,0.069,0.147,-0.07,-74.0,-71.2,-65.9,-59.6,-50.6,-38.1,-24.0,-8.4,8.8,26.2,42.9,57.7,68.0,73.1,75.0,76.9,77.6,-61.9,-52.7,-40.6,-28.5,-17.8,11.3,23.5,35.0,47.2,56.9,-1.5,-1.5,-1.5,-1.4,-13.8,-7.2,-0.4,6.7,13.1,-45.3,-37.1,-27.3,-19.4,-27.8,-37.4,17.8,25.1,34.5,42.8,35.6,26.3,-21.3,-16.4,-7.1,-0.5,6.7,17.6,26.7,20.7,11.5,3.3,-4.5,-15.0,-16.9,-6.3,0.2,7.5,22.3,10.5,2.7,-4.6,-24.2,1.0,26.0,49.3,70.4,87.1,98.8,104.8,104.9,101.1,91.6,77.5,59.5,38.2,16.2,-6.4,-28.8,-34.3,-43.3,-45.1,-43.3,-39.3,-40.5,-44.9,-47.2,-47.0,-41.0,-22.9,-11.6,-0.8,10.3,19.1,21.0,22.6,20.0,17.4,-19.0,-23.4,-23.5,-18.2,-16.2,-16.2,-20.3,-26.0,-26.5,-23.2,-19.6,-18.8,51.6,37.2,31.1,32.4,30.3,35.3,46.7,62.3,69.5,71.3,71.5,66.3,50.5,38.7,38.4,37.8,47.1,58.5,60.2,60.2,426.4,429.1,431.9,432.5,430.6,425.2,415.9,402.1,394.6,395.3,400.9,405.2,404.9,401.0,396.9,395.8,396.0,393.9,387.9,380.3,373.6,367.8,362.6,364.9,366.2,369.4,372.9,366.0,362.5,359.1,355.7,369.0,365.4,362.3,362.0,362.4,388.3,383.0,380.4,377.6,380.3,383.3,372.3,370.5,370.1,371.7,369.6,369.9,386.6,372.2,363.5,360.7,359.9,364.7,373.6,371.1,369.9,372.1,374.5,379.5,384.6,366.7,363.5,362.4,373.6,370.6,372.2,374.9
0,0,0.975,1.7,17.8,379.4,0.07,0.149,-0.072,-74.6,-71.7,-66.5,-60.3,-51.3,-38.5,-24.3,-8.7,8.5,26.2,43.2,58.3,68.9,73.9,75.5,77.3,78.0,-62.5,-52.8,-40.7,-28.6,-17.7,11.4,23.9,35.4,47.7,57.5,-1.5,-1.5,-1.5,-1.4,-14.2,-7.3,-0.4,7.0,13.5,-45.7,-37.4,-27.6,-19.7,-28.1,-37.8,18.2,25.4,34.9,43.2,36.0,26.7,-23.0,-17.1,-7.4,-0.4,7.2,18.7,28.8,21.6,11.5,2.9,-5.2,-15.9,-18.5,-6.7,0.3,8.0,24.3,10.6,2.4,-5.2,-23.8,1.4,26.4,49.5,70.3,86.6,97.9,103.5,103.4,99.6,90.4,76.5,58.8,37.5,15.6,-6.9,-29.1,-33.8,-42.4,-44.1,-42.5,-38.6,-39.8,-44.2,-46.5,-46.2,-40.4,-22.9,-11.6,-0.7,10.5,19.3,21.2,22.9,20.2,17.5,-19.0,-23.6,-23.7,-18.4,-16.4,-16.3,-20.5,-26.2,-26.7,-23.4,-19.9,-19.1,51.3,37.5,31.7,32.9,30.8,35.5,46.2,61.3,68.2,70.0,70.2,65.3,50.4,39.2,38.9,38.1,46.7,57.4,59.0,59.1,430.4,432.7,435.2,435.6,433.3,427.7,417.8,403.4,395.5,396.3,402.6,407.4,407.2,403.4,399.1,398.0,398.5,397.0,390.7,383.3,376.6,370.7,365.8,368.1,369.2,371.9,375.1,368.3,364.9,361.4,358.0,371.9,368.0,364.8,364.5,364.9,391.1,386.0,383.5,380.7,383.1,386.1,375.1,373.2,372.7,374.1,372.1,372.5,391.3,376.3,367.1,364.1,363.2,368.3,377.5,374.0,371.7,373.8,376.6,382.9,389.2,370.0,366.7,365.5,377.5,372.5,374.1,377.1
0,0,0.975,1.6,17.0,380.0,0.059,0.14,-0.069,-75.1,-72.3,-67.3,-61.5,-52.6,-39.6,-24.9,-8.7,8.8,26.5,43.8,58.9,69.8,75.1,76.6,78.2,78.8,-62.6,-52.9,-40.8,-28.7,-17.7,11.1,23.6,35.4,48.0,58.3,-1.5,-1.5,-1.4,-1.2,-14.4,-7.4,-0.2,7.3,14.1,-45.9,-37.5,-27.8,-19.6,-28.2,-37.8,18.1,25.7,35.2,43.6,36.1,26.9,-24.7,-17.9,-7.8,-0.5,7.5,19.4,30.4,22.0,11.3,2.4,-6.0,-16.9,-20.1,-7.1,0.3,8.4,25.8,10.4,1.8,-6.0,-23.2,1.2,25.3,47.9,68.2,84.4,95.4,100.5,100.3,96.7,88.3,75.2,58.2,37.5,15.8,-6.5,-28.5,-33.9,-42.0,-43.7,-42.0,-38.2,-39.6,-44.1,-46.5,-46.4,-40.8,-23.2,-11.8,-0.8,10.4,19.0,20.9,22.5,19.9,17.2,-19.5,-23.8,-24.0,-18.9,-17.0,-16.9,-21.1,-26.8,-27.3,-24.0,-20.6,-19.9,50.1,37.1,31.5,32.7,30.6,35.0,45.1,59.2,65.5,67.2,67.4,63.1,49.4,39.1,38.8,38.0,45.6,54.5,56.1,56.3,433.4,435.1,437.4,437.7,435.3,429.2,417.8,402.2,394.4,396.0,404.2,410.5,411.5,408.4,403.9,402.7,403.5,399.1,392.5,385.0,378.2,372.0,367.7,370.6,372.2,375.2,378.6,369.3,365.4,361.3,357.5,372.6,368.6,365.1,365.2,365.8,392.8,387.9,385.5,382.6,384.6,387.5,377.2,375.7,375.5,376.8,374.7,374.9,393.1,377.1,367.6,364.5,363.7,369.2,379.4,374.0,370.6,372.4,375.3,383.0,390.7,370.6,367.3,366.2,379.0,371.5,372.9,376.1
0,0,0.975,1.5,16.0,381.8,0.031,0.137,-0.067,-75.9,-73.1,-68.2,-62.4,-53.4,-40.1,-25.2,-8.7,8.8,26.4,44.0,59.3,70.7,76.3,77.4,78.8,79.1,-63.3,-53.5,-41.3,-29.2,-17.9,10.9,23.6,35.4,48.1,58.7,-1.8,-1.6,-1.5,-1.2,-14.9,-7.5,-0.1,7.7,14.8,-46.6,-38.1,-28.3,-19.9,-28.7,-38.3,18.3,26.1,35.6,44.2,36.5,27.2,-26.1,-18.6,-8.2,-0.4,8.0,20.4,32.1,22.8,11.5,2.1,-6.7,-17.6,-21.3,-7.5,0.4,9.0,27.2,10.4,1.5,-6.8,-23.6,0.6,24.6,47.1,67.3,83.1,93.5,97.9,97.4,94.3,87.0,75.1,58.7,38.2,16.1,-6.4,-28.6,-34.2,-42.2,-43.9,-42.3,-38.7,-40.0,-44.6,-47.0,-47.0,-41.4,-24.0,-12.5,-1.4,9.9,18.6,20.4,22.0,19.2,16.5,-20.0,-24.2,-24.6,-19.7,-17.8,-17.5,-22.0,-27.4,-27.9,-24.9,-21.6,-20.9,49.2,36.3,30.6,31.8,29.5,33.9,43.7,56.4,62.0,63.8,64.1,60.7,48.5,38.7,38.4,37.4,44.2,50.7,52.3,52.6,437.1,438.2,440.4,440.6,437.5,430.1,417.3,400.8,393.3,395.8,405.6,413.6,415.5,412.8,407.9,406.3,407.1,402.7,396.2,389.0,382.5,376.2,371.8,374.8,376.3,379.0,381.8,372.8,368.7,364.3,360.2,375.5,371.3,367.6,368.0,368.7,396.3,391.6,389.3,386.3,388.1,390.9,380.8,379.5,379.3,380.3,378.2,378.6,395.2,378.5,369.2,366.1,365.2,370.8,381.3,374.3,369.7,371.2,374.4,383.2,392.5,372.2,368.8,367.6,380.6,371.0,372.3,375.7
0,0,0.975,1.5,15.5,381.5,0.017,0.134,-0.071,-76.5,-73.5,-68.4,-62.4,-53.3,-39.9,-24.9,-8.5,9.1,26.8,44.5,59.9,71.2,76.6,77.7,78.9,79.2,-63.8,-54.0,-41.8,-29.7,-18.4,10.7,23.3,35.1,47.8,58.6,-2.0,-1.8,-1.6,-1.3,-15.0,-7.6,-0.2,7.7,14.8,-47.0,-38.4,-28.7,-20.1,-29.0,-38.6,18.1,25.9,35.5,44.1,36.4,27.1,-26.1,-18.8,-8.4,-0.4,8.3,20.7,32.3,23.0,11.9,2.2,-6.7,-17.6,-21.3,-7.6,0.4,9.3,27.3,10.8,1.6,-6.9,-23.3,1.1,25.2,47.7,67.7,83.2,93.2,96.9,96.2,93.2,86.2,74.8,58.5,38.0,15.9,-6.5,-28.6,-34.0,-41.9,-43.6,-42.0,-38.5,-39.9,-44.5,-47.0,-47.2,-41.8,-24.2,-12.8,-1.8,9.4,18.2,20.0,21.4,18.7,15.9,-20.2,-24.5,-24.9,-20.0,-18.1,-17.8,-22.3,-27.9,-28.4,-25.3,-22.1,-21.4,48.7,35.5,29.8,30.9,28.6,33.0,42.9,54.9,60.4,62.3,62.7,59.5,47.9,37.9,37.5,36.4,43.4,49.3,51.0,51.3,438.8,439.4,441.3,441.1,437.9,430.2,416.8,399.8,392.1,394.9,405.5,414.2,416.6,414.2,409.3,407.8,409.1,403.6,396.9,389.8,383.2,376.9,372.7,375.9,377.6,380.4,383.3,373.4,369.0,364.3,360.0,375.6,371.2,367.3,367.7,368.5,396.8,392.1,389.9,386.9,388.6,391.3,381.8,380.5,380.4,381.5,379.2,379.5,394.5,377.8,368.8,365.5,364.8,370.4,380.9,373.5,368.6,370.0,373.3,382.2,391.7,371.6,368.1,367.0,380.1,370.1,371.4,374.9
0,0,0.975,1.2,15.9,381.9,0.017,0.137,-0.075,-77.1,-74.0,-68.7,-62.6,-53.3,-39.9,-24.9,-8.6,8.9,26.6,44.4,59.9,71.2,76.4,77.3,78.4,78.5,-64.5,-54.6,-42.3,-30.1,-18.8,10.0,22.7,34.6,47.4,58.2,-2.6,-2.3,-2.1,-1.8,-15.4,-8.0,-0.6,7.3,14.4,-47.7,-39.1,-29.2,-20.7,-29.5,-39.2,17.7,25.4,35.1,43.7,36.0,26.7,-26.2,-19.0,-8.8,-0.7,8.0,20.4,32.0,23.0,11.8,2.1,-6.8,-17.7,-21.4,-7.9,0.1,9.0,27.1,10.6,1.4,-7.1,-22.9,1.6,25.9,48.5,68.5,83.9,93.7,97.4,96.6,93.6,86.6,75.1,58.8,38.1,15.9,-6.6,-28.8,-33.4,-41.3,-43.0,-41.4,-37.9,-39.4,-44.1,-46.6,-46.8,-41.3,-23.9,-12.5,-1.4,9.8,18.8,20.4,21.9,19.1,16.3,-19.7,-24.2,-24.7,-19.6,-17.7,-17.3,-22.0,-27.8,-28.4,-25.2,-21.8,-21.1,49.5,36.0,30.0,31.1,28.8,33.2,43.3,55.4,61.0,62.9,63.4,60.2,48.6,38.3,37.9,36.8,43.7,49.7,51.4,51.7,438.9,439.7,441.6,441.3,438.1,430.3,417.0,400.2,392.4,395.2,405.5,414.1,416.3,413.7,408.7,407.1,408.1,404.0,397.3,390.2,383.8,377.5,373.2,376.1,377.5,380.1,382.9,373.8,369.6,365.2,360.9,376.2,371.8,367.9,368.3,369.0,397.3,392.6,390.4,387.3,389.1,392.0,381.9,380.5,380.3,381.3,379.2,379.5,394.8,378.1,369.1,365.8,365.0,370.5,380.8,373.7,368.9,370.5,373.8,382.6,392.1,372.0,368.5,367.2,380.0,370.3,371.7,375.3
0,0,0.975,0.4,16.0,380.8,0.023,0.14,-0.075,-77.4,-74.4,-69.1,-63.1,-54.0,-40.7,-25.8,-9.5,8.0,25.5,42.9,58.3,69.6,74.9,76.0,77.3,77.5,-65.1,-55.1,-42.8,-30.7,-19.4,9.2,21.9,33.7,46.4,57.0,-3.3,-3.1,-2.9,-2.6,-16.0,-8.7,-1.4,6.3,13.3,-48.2,-39.8,-29.8,-21.4,-30.1,-39.9,16.9,24.5,34.2,42.8,35.2,25.8,-26.5,-19.6,-9.3,-1.5,6.8,19.2,30.5,21.9,10.9,1.5,-7.2,-18.2,-21.7,-8.5,-0.6,7.9,25.7,9.6,0.7,-7.6,-22.6,1.8,26.0,48.5,68.6,84.3,94.5,98.6,97.8,94.4,86.8,74.7,58.1,37.4,15.3,-7.1,-29.2,-33.8,-41.9,-43.6,-42.1,-38.6,-40.1,-44.8,-47.2,-47.2,-41.7,-24.2,-12.9,-2.0,9.2,18.6,20.2,21.6,18.8,16.2,-19.9,-24.5,-24.9,-19.7,-17.7,-17.4,-22.3,-28.2,-28.8,-25.5,-22.0,-21.3,50.5,36.5,30.1,31.2,28.9,33.5,44.1,56.9,62.8,64.7,65.2,61.9,49.6,38.6,38.1,37.1,44.6,51.1,52.8,53.2,436.0,437.0,439.0,438.9,435.8,428.4,415.9,399.7,391.8,393.9,403.0,410.7,412.5,409.9,405.2,403.8,404.6,402.1,395.6,388.5,382.1,376.2,371.8,374.4,375.5,377.7,380.0,372.4,368.4,364.3,360.3,374.9,370.8,367.1,367.4,368.0,395.8,391.1,388.6,385.6,387.6,390.7,379.9,378.3,378.0,379.0,377.0,377.5,393.6,377.2,368.1,364.8,363.9,369.2,379.1,372.8,368.6,370.3,373.6,382.1,390.9,371.2,367.6,366.3,378.6,369.6,371.2,374.6
0,0,0.975,-0.3,16.5,376.9,0.049,0.143,-0.076,-77.1,-74.3,-69.0,-62.7,-53.8,-41.0,-26.6,-10.2,7.3,24.8,41.8,56.9,67.8,72.9,74.3,75.6,75.7,-64.7,-55.2,-43.1,-30.9,-19.8,8.4,20.9,32.6,45.0,55.0,-4.1,-3.9,-3.8,-3.5,-15.9,-9.0,-2.1,5.2,11.9,-48.3,-40.0,-30.1,-21.9,-30.3,-40.1,16.0,23.2,32.8,41.2,33.9,24.6,-24.9,-18.9,-9.2,-2.1,5.3,17.2,27.8,20.4,10.1,1.6,-6.5,-17.2,-20.1,-8.2,-1.2,6.4,23.1,8.6,0.6,-7.0,-22.8,1.3,25.2,47.5,67.7,83.9,95.1,100.6,100.3,96.7,88.1,75.0,57.8,37.0,15.0,-7.3,-29.2,-34.3,-42.7,-44.5,-43.0,-39.3,-40.8,-45.6,-48.1,-47.8,-42.0,-24.5,-13.3,-2.5,8.6,18.4,20.0,21.4,18.8,16.2,-20.2,-25.1,-25.4,-20.0,-17.9,-17.7,-22.6,-28.6,-29.2,-25.8,-22.2,-21.4,51.8,37.4,30.8,32.0,29.8,34.7,45.8,60.0,66.3,68.1,68.5,64.5,50.8,39.4,38.9,38.1,46.3,54.5,56.0,56.3,428.4,430.4,432.9,433.4,430.7,424.1,413.5,398.6,390.7,391.9,399.1,405.3,406.3,403.2,398.6,396.8,396.8,395.8,389.5,382.4,376.1,370.6,366.1,368.0,368.9,371.0,373.4,367.0,363.3,359.6,355.8,370.0,366.3,363.1,363.1,363.5,390.5,385.6,383.0,380.0,382.5,385.7,374.0,372.1,371.7,372.9,371.1,371.6,388.6,372.8,363.8,360.8,359.8,364.8,374.3,370.1,367.5,369.5,372.3,379.3,386.0,367.3,364.0,362.7,374.1,367.8,369.4,372.4
0,0,0.975,-0.6,16.7,377.9,0.052,0.14,-0.078,-78.1,-75.1,-69.8,-63.7,-54.8,-41.8,-26.9,-10.2,7.6,25.3,42.4,57.1,67.7,72.7,74.0,75.4,75.7,-65.2,-55.6,-43.5,-31.3,-20.1,8.0,20.6,32.3,44.8,55.0,-4.4,-4.1,-3.9,-3.6,-16.4,-9.3,-2.3,5.1,11.8,-48.6,-40.4,-30.5,-22.3,-30.8,-40.4,15.7,22.9,32.5,40.9,33.6,24.4,-26.1,-19.8,-9.8,-2.5,5.3,17.5,28.4,20.5,9.8,0.9,-7.4,-18.2,-21.4,-9.0,-1.6,6.3,23.7,8.5,0.1,-7.7,-22.2,1.8,25.4,47.5,67.6,83.8,94.8,99.9,99.4,95.6,87.4,74.6,57.6,37.1,15.5,-6.6,-28.5,-33.7,-42.1,-44.0,-42.5,-38.8,-40.4,-45.3,-47.8,-47.6,-41.8,-24.0,-12.8,-1.9,9.2,18.8,20.5,21.9,19.3,16.6,-19.6,-24.5,-24.8,-19.4,-17.3,-17.1,-22.0,-28.2,-28.8,-25.3,-21.7,-20.9,51.7,37.7,31.5,32.6,30.5,35.1,45.8,59.7,65.8,67.6,67.9,64.0,50.8,39.5,39.0,38.1,46.3,54.8,56.4,56.7,431.2,432.6,434.5,434.6,431.8,425.3,414.1,398.5,390.2,391.5,399.5,405.9,407.1,404.2,399.8,398.5,399.1,396.7,390.4,383.1,376.4,370.6,366.2,368.5,369.7,372.2,375.1,367.3,363.7,359.9,356.2,371.0,367.2,363.8,363.7,364.0,391.1,386.4,383.9,381.0,383.2,386.3,374.8,373.1,372.8,374.1,372.1,372.6,390.6,374.6,365.4,362.4,361.4,366.6,376.4,371.3,368.2,370.1,373.1,380.6,388.0,368.4,365.1,363.8,376.1,368.9,370.5,373.7
0,0,0.975,-0.5,16.3,379.3,0.027,0.129,-0.08,-79.1,-75.9,-70.6,-64.5,-55.4,-42.1,-27.1,-10.3,7.6,25.6,43.1,58.3,69.1,73.9,74.7,75.8,75.9,-65.9,-56.1,-44.0,-31.8,-20.5,7.9,20.6,32.5,45.2,55.7,-4.3,-4.0,-3.7,-3.2,-16.7,-9.3,-1.9,5.8,12.8,-49.1,-40.8,-31.0,-22.6,-31.2,-40.8,15.7,23.2,32.8,41.4,33.8,24.6,-27.6,-20.2,-9.9,-2.0,6.3,18.9,30.7,21.5,10.2,0.8,-7.9,-18.9,-22.9,-9.1,-1.2,7.4,25.8,9.0,0.1,-8.2,-21.7,2.3,26.0,48.1,67.8,83.3,93.4,97.5,96.7,93.4,86.1,74.2,57.6,37.2,15.5,-6.7,-28.5,-33.4,-41.6,-43.5,-42.1,-38.6,-40.4,-45.3,-47.8,-47.7,-42.0,-23.9,-12.6,-1.7,9.5,19.1,20.7,22.1,19.3,16.6,-19.1,-23.8,-24.2,-19.2,-17.1,-16.8,-22.1,-27.9,-28.6,-25.3,-21.9,-21.1,51.2,37.7,31.7,32.7,30.4,34.7,44.8,57.0,62.4,64.2,64.7,61.7,50.4,39.7,39.2,38.1,45.3,51.6,53.2,53.6,435.1,435.8,437.4,437.2,433.9,426.5,414.0,397.2,389.1,391.3,401.4,409.6,411.6,409.0,404.4,403.1,404.5,399.6,393.1,386.0,379.4,373.4,369.4,372.5,374.1,377.0,380.0,370.2,366.1,361.7,357.6,373.1,369.0,365.2,365.4,366.1,393.5,389.0,386.7,383.9,385.6,388.5,378.4,377.2,377.0,378.2,376.1,376.4,392.7,376.0,366.9,363.8,362.9,368.7,379.4,371.8,366.9,368.3,371.5,380.5,389.9,369.6,366.3,365.1,378.6,368.1,369.4,372.8
0,0,0.975,-0.4,15.7,380.0,-0.003,0.11,-0.083,-79.9,-76.9,-72.1,-65.8,-56.1,-42.0,-26.9,-10.0,8.6,27.0,44.6,59.7,70.3,74.8,75.2,76.3,76.9,-66.5,-56.8,-44.8,-32.5,-21.2,7.3,20.4,32.5,45.4,56.4,-4.7,-4.3,-3.9,-3.4,-17.7,-9.8,-1.8,6.3,13.7,-50.4,-41.8,-32.8,-24.0,-32.7,-41.5,16.0,24.4,33.5,42.2,33.9,25.1,-28.0,-20.2,-9.9,-1.6,7.2,19.8,31.9,22.4,11.2,1.4,-7.7,-18.6,-23.2,-9.1,-0.8,8.2,26.9,9.9,0.6,-8.1,-21.1,2.4,25.8,47.8,67.3,82.3,91.8,95.9,95.7,92.9,86.2,74.9,58.5,37.7,15.6,-6.7,-28.4,-33.9,-42.2,-44.4,-43.1,-39.7,-41.5,-46.3,-48.8,-48.8,-43.5,-23.3,-12.7,-2.4,8.2,17.8,19.6,21.0,18.0,15.0,-16.4,-19.5,-20.4,-18.0,-15.6,-14.9,-21.0,-24.5,-24.8,-23.4,-20.5,-19.9,49.5,36.2,30.5,31.4,29.0,33.2,43.0,54.3,59.6,61.5,62.0,59.4,48.6,38.3,37.8,36.5,43.3,49.1,50.9,51.4,436.4,436.8,439.4,439.8,436.1,427.6,413.2,396.7,390.3,394.5,405.9,415.1,416.9,413.8,408.8,408.7,411.5,402.6,396.6,389.1,382.5,375.9,371.4,376.3,379.2,382.9,386.5,373.1,368.4,363.5,358.7,374.0,370.2,366.3,367.0,368.2,396.5,392.1,390.4,387.3,388.9,391.1,382.2,382.1,382.3,383.6,381.0,380.9,391.4,374.8,366.7,363.7,363.4,369.6,381.5,372.3,366.6,367.1,369.7,378.7,388.6,368.9,366.0,365.3,380.2,368.2,368.9,372.0
0,0,0.975,-0.6,16.0,380.6,-0.009,0.096,-0.085,-80.1,-77.4,-73.4,-67.4,-57.6,-43.0,-27.5,-10.4,8.5,26.9,44.7,59.7,70.5,75.3,75.4,76.5,77.4,-66.4,-57.3,-45.6,-33.3,-21.9,6.8,19.9,32.2,45.3,56.7,-5.0,-4.5,-4.0,-3.4,-18.2,-10.0,-1.7,6.5,14.1,-49.8,-41.0,-32.8,-24.0,-32.6,-40.6,15.1,24.0,32.5,41.2,32.5,24.2,-29.2,-20.8,-10.2,-1.5,7.8,20.5,32.9,23.1,11.7,1.4,-7.9,-19.3,-24.5,-9.5,-0.7,8.7,28.0,10.4,0.7,-8.4,-20.8,2.4,25.7,48.0,67.4,82.5,91.7,96.1,96.7,94.0,87.5,76.3,59.6,38.4,15.6,-7.2,-29.2,-33.9,-42.2,-44.6,-43.4,-40.1,-42.3,-47.2,-49.7,-49.6,-44.5,-21.9,-12.1,-2.7,7.1,17.1,18.9,20.4,17.3,14.3,-13.7,-15.4,-16.6,-16.4,-13.9,-13.0,-19.6,-21.3,-21.4,-21.4,-19.0,-18.5,48.7,35.8,30.3,31.0,28.7,32.5,42.0,53.7,59.3,61.3,61.8,59.1,47.9,37.6,37.1,35.7,42.4,49.3,51.1,51.7,436.7,436.7,439.4,440.5,436.5,428.1,413.0,396.8,392.1,397.1,409.3,418.5,420.0,416.7,411.6,412.1,416.1,404.7,398.8,390.6,383.7,376.3,370.8,377.2,381.6,386.8,391.5,374.1,369.2,364.0,359.1,374.4,370.8,366.8,368.0,369.5,397.1,392.8,391.7,388.7,389.7,391.2,383.4,384.1,384.6,386.0,383.1,382.6,392.4,375.2,367.0,364.0,363.9,370.6,384.1,373.3,366.9,367.0,369.5,379.0,389.7,369.1,366.2,365.7,382.6,368.8,369.3,372.4
0,0,0.975,-0.9,15.8,377.0,0.0,0.091,-0.091,-80.3,-77.5,-73.5,-67.6,-57.6,-42.8,-27.1,-10.1,8.5,26.8,44.4,59.3,70.1,74.9,74.9,75.7,76.2,-67.1,-57.8,-45.9,-33.5,-22.1,6.2,19.1,31.4,44.4,55.8,-5.3,-4.8,-4.3,-3.7,-18.5,-10.3,-2.0,6.2,13.7,-50.6,-41.8,-33.6,-24.6,-33.4,-41.4,14.6,23.7,32.2,40.9,32.2,23.8,-30.2,-21.2,-10.2,-1.5,7.7,20.6,33.4,23.2,11.6,1.4,-7.9,-19.7,-25.6,-9.5,-0.8,8.6,28.6,10.4,0.7,-8.4,-20.6,2.7,26.2,48.6,68.1,82.9,91.7,95.9,96.4,93.6,87.0,75.7,58.9,37.7,15.0,-7.6,-29.5,-33.5,-41.7,-44.1,-42.8,-39.4,-41.8,-46.7,-49.3,-49.4,-44.5,-22.2,-12.2,-2.6,7.4,17.1,18.9,20.3,17.2,14.2,-14.2,-16.0,-17.1,-16.7,-14.4,-13.4,-20.0,-21.9,-22.1,-22.0,-19.6,-19.1,47.4,35.5,30.4,31.1,28.7,32.1,40.4,52.7,58.6,60.6,61.1,58.3,46.9,37.2,36.7,35.3,41.1,48.9,50.8,51.5,433.4,433.5,436.4,437.6,433.8,425.5,410.3,393.8,389.1,394.3,406.8,416.2,417.7,414.4,409.4,410.1,414.0,401.2,395.0,386.8,379.4,371.8,366.9,373.3,377.8,383.1,388.1,369.8,364.3,358.6,353.1,369.7,365.7,361.6,362.9,364.7,393.4,389.0,387.8,384.8,385.8,387.3,379.8,380.7,381.1,382.5,379.5,379.1,390.0,372.5,363.6,360.8,360.9,367.9,381.8,370.6,363.8,363.7,366.1,376.1,387.4,365.6,362.9,362.7,380.4,365.9,366.1,369.1
0,0,0.975,-1.1,15.8,376.3,0.003,0.094,-0.097,-80.8,-77.9,-73.7,-67.6,-57.4,-42.3,-26.4,-9.4,8.8,26.9,44.1,58.7,69.4,74.2,74.2,74.8,74.9,-68.2,-58.7,-46.4,-33.9,-22.3,6.1,18.7,30.9,43.6,54.8,-5.8,-5.3,-4.8,-4.1,-18.9,-10.7,-2.4,5.8,13.3,-51.7,-43.1,-34.4,-25.4,-34.2,-42.7,14.9,23.8,32.5,41.1,32.7,24.2,-31.0,-21.6,-10.4,-1.5,8.1,21.3,34.1,24.1,12.3,1.7,-7.9,-20.0,-26.3,-9.7,-0.8,9.0,29.4,11.1,0.9,-8.4,-19.8,3.8,27.4,49.9,69.3,83.8,92.4,96.3,96.3,93.5,86.5,75.3,58.7,37.7,15.1,-7.4,-29.4,-32.8,-41.2,-43.5,-42.3,-38.8,-41.2,-46.2,-48.8,-49.0,-44.1,-23.0,-12.4,-2.3,8.2,17.7,19.5,21.0,17.7,14.5,-15.4,-18.2,-19.2,-17.6,-15.3,-14.5,-20.9,-24.0,-24.4,-23.5,-20.9,-20.2,47.1,35.8,31.0,31.7,29.2,32.0,39.6,52.4,58.6,60.8,61.4,58.5,46.8,37.5,37.1,35.4,40.4,49.2,51.4,52.0,431.4,431.9,434.9,436.0,431.9,422.9,407.9,391.6,386.6,392.0,403.9,413.0,414.5,411.5,406.6,407.1,410.2,399.7,393.2,385.5,378.3,371.3,367.3,372.3,375.8,379.8,384.0,368.7,363.1,357.2,351.7,368.5,364.3,360.3,361.4,363.1,392.0,387.9,386.5,383.7,384.8,386.5,378.4,379.0,379.2,380.4,377.7,377.4,389.6,372.4,363.7,360.8,361.1,367.8,380.6,370.8,364.1,363.9,366.2,375.9,387.1,365.3,362.6,362.5,379.2,366.1,366.3,369.2
0,0,0.975,-1.6,16.6,377.6,0.027,0.099,-0.105,-81.9,-78.8,-74.1,-67.9,-57.7,-42.7,-26.5,-9.0,9.2,26.9,44.0,58.4,69.0,74.0,74.0,74.1,73.8,-68.8,-59.3,-47.2,-34.8,-23.3,5.1,17.6,29.8,42.6,53.8,-6.7,-6.0,-5.3,-4.5,-18.6,-10.7,-2.8,5.3,12.6,-51.3,-42.9,-33.8,-25.0,-33.7,-42.6,13.2,21.4,30.4,38.9,31.1,22.4,-31.5,-22.1,-10.8,-1.8,8.0,21.4,34.5,24.4,12.4,1.6,-8.1,-20.4,-26.8,-10.1,-1.1,8.9,29.8,11.1,0.8,-8.7,-18.9,4.7,28.2,50.5,69.8,84.6,93.9,97.9,97.4,94.2,87.0,75.7,59.0,38.1,15.5,-7.2,-29.7,-31.4,-39.8,-42.0,-40.9,-37.6,-40.0,-45.4,-48.1,-48.2,-43.1,-22.3,-11.5,-1.1,9.5,19.4,21.0,22.4,19.1,16.0,-15.5,-19.3,-20.2,-17.2,-15.0,-14.2,-20.5,-25.1,-25.9,-23.9,-20.9,-20.0,48.3,37.3,32.6,33.2,30.6,33.0,40.1,53.4,59.8,62.2,62.8,59.7,47.9,38.9,38.4,36.6,41.0,50.8,53.0,53.6,433.2,433.6,435.6,436.2,431.9,423.7,409.7,393.2,387.4,391.8,403.5,412.2,413.7,411.3,406.4,405.9,408.2,399.3,392.3,384.7,377.6,370.9,366.1,370.4,373.8,378.1,382.8,368.3,363.3,358.0,353.1,370.4,365.9,361.8,362.7,364.2,391.5,387.4,386.0,383.6,384.4,386.2,377.6,377.5,377.6,378.8,376.3,376.1,393.0,375.3,366.2,363.1,362.8,369.3,381.9,372.5,366.0,366.4,369.3,379.3,390.7,367.8,364.8,364.2,380.7,368.2,368.7,372.0
0,0,0.975,-1.9,18.3,378.7,0.046,0.104,-0.113,-82.3,-79.0,-74.0,-67.8,-57.7,-42.6,-26.1,-8.4,9.6,27.0,43.8,58.2,68.8,73.9,73.9,73.6,72.8,-69.5,-59.9,-47.8,-35.5,-24.1,4.4,16.9,29.0,41.9,53.0,-7.3,-6.5,-5.7,-4.8,-18.6,-10.7,-3.0,4.9,12.1,-51.5,-43.3,-33.9,-25.1,-33.8,-43.0,12.4,20.1,29.3,37.9,30.4,21.6,-31.9,-22.3,-10.9,-1.9,7.9,21.4,34.9,24.7,12.4,1.6,-8.1,-20.6,-27.1,-10.2,-1.2,8.8,30.2,11.1,0.8,-8.7,-17.0,6.8,30.2,52.4,71.6,86.6,96.2,100.4,99.5,95.9,88.4,76.7,59.9,38.9,16.2,-6.7,-29.6,-29.2,-37.6,-39.8,-38.8,-35.5,-38.2,-43.8,-46.6,-46.8,-41.7,-20.6,-9.7,0.9,11.7,21.7,23.3,24.6,21.2,18.1,-14.1,-18.6,-19.4,-15.5,-13.2,-12.5,-19.1,-24.7,-25.7,-23.1,-19.8,-18.7,50.1,39.5,35.0,35.6,32.8,34.9,41.4,55.2,61.9,64.3,65.0,61.7,49.8,41.0,40.5,38.5,42.4,53.1,55.4,56.0,433.5,433.9,435.6,436.1,432.2,424.8,411.9,395.5,388.9,392.3,403.4,411.5,412.9,410.5,405.8,404.8,406.5,398.9,391.8,384.3,377.1,370.7,365.6,369.4,372.4,376.5,381.4,368.0,363.3,358.4,353.9,371.4,366.8,362.6,363.3,364.6,391.3,387.2,385.6,383.4,384.1,386.1,377.0,376.5,376.4,377.6,375.2,375.2,395.6,377.6,368.1,364.9,364.3,370.7,383.1,374.1,367.6,368.5,371.6,381.9,393.4,369.5,366.3,365.5,382.0,369.9,370.7,374.2
0,0,0.975,-2.3,19.7,377.3,0.059,0.105,-0.117,-82.3,-79.2,-74.2,-67.9,-57.9,-43.0,-26.2,-8.1,10.0,27.1,43.5,57.4,68.0,73.1,73.2,72.9,71.7,-70.1,-60.4,-48.3,-36.1,-24.8,3.7,15.9,28.0,40.7,51.9,-8.2,-7.3,-6.4,-5.4,-18.8,-11.1,-3.5,4.2,11.3,-52.4,-44.3,-34.6,-25.7,-34.5,-43.9,11.6,19.3,28.6,37.3,30.0,20.9,-31.9,-22.6,-11.3,-2.4,7.4,20.9,34.2,24.4,12.3,1.5,-8.2,-20.7,-27.1,-10.6,-1.6,8.3,29.6,10.9,0.5,-8.9,-15.6,7.8,30.8,52.8,72.1,87.4,97.7,102.2,101.3,97.6,89.9,78.0,61.2,40.3,17.5,-5.7,-28.6,-27.7,-35.9,-37.9,-36.9,-33.7,-36.4,-42.2,-45.1,-45.3,-40.4,-19.4,-8.5,2.2,13.1,23.4,24.8,26.0,22.7,19.6,-13.2,-18.1,-18.9,-14.3,-12.0,-11.3,-18.0,-24.3,-25.4,-22.5,-18.9,-17.6,51.7,41.1,36.5,37.1,34.3,36.3,42.7,56.9,63.8,66.3,67.0,63.6,51.4,42.5,42.1,40.0,43.8,55.0,57.4,57.9,430.7,431.6,433.4,434.2,430.8,423.8,411.6,395.2,388.3,391.6,402.1,409.8,411.2,408.9,404.2,402.9,403.7,396.3,389.1,381.8,374.5,368.5,363.0,366.3,369.2,373.2,378.1,365.7,361.1,356.3,351.8,369.8,365.2,361.1,361.7,362.9,389.8,385.6,383.7,381.6,382.5,384.8,374.8,374.1,373.9,375.2,372.8,372.9,394.3,376.1,366.7,363.4,362.7,369.0,381.0,372.9,367.0,368.1,371.1,381.1,392.0,368.3,365.1,364.1,380.0,369.0,370.0,373.5
0,0,0.975,-3.2,19.3,372.1,0.051,0.107,-0.116,-81.7,-78.5,-73.4,-67.0,-57.3,-43.0,-26.8,-9.1,8.8,25.7,41.7,55.5,66.0,71.1,71.3,70.9,69.5,-70.1,-61.0,-49.0,-36.9,-25.6,2.7,14.7,26.4,39.0,49.7,-9.1,-8.1,-7.2,-6.1,-19.2,-11.7,-4.3,3.3,10.2,-52.9,-44.8,-35.3,-26.3,-35.0,-44.3,10.5,18.2,27.5,35.9,28.7,19.8,-31.3,-23.0,-11.9,-3.4,5.7,18.9,31.5,22.9,11.4,1.2,-8.3,-20.7,-26.3,-10.9,-2.4,6.9,26.9,9.5,-0.2,-9.3,-15.7,7.3,30.1,51.9,71.6,87.6,98.8,104.1,103.7,99.9,91.5,78.7,61.3,40.0,16.9,-6.3,-28.9,-28.0,-36.3,-38.4,-37.5,-34.4,-37.1,-42.7,-45.5,-45.7,-40.8,-20.6,-9.5,1.3,12.4,22.5,23.8,25.0,21.8,18.8,-14.5,-19.2,-20.0,-15.8,-13.6,-12.8,-19.5,-25.4,-26.3,-23.7,-20.2,-19.1,52.2,40.3,34.9,35.6,32.9,35.6,43.4,58.4,65.6,68.0,68.7,65.0,51.7,42.2,41.6,39.9,44.4,54.9,57.1,57.7,423.4,425.1,427.8,429.0,425.8,418.9,407.2,391.6,385.3,388.4,398.2,405.7,407.0,404.4,399.2,396.9,396.7,391.6,384.6,377.3,370.4,364.6,359.6,362.5,364.9,368.2,371.9,361.2,356.3,351.4,346.7,364.5,359.9,356.0,356.7,358.0,385.1,380.9,378.8,376.2,377.7,380.2,370.1,369.1,368.8,369.7,367.8,368.1,387.6,369.4,359.8,356.7,355.9,361.7,373.5,366.9,362.3,363.5,366.4,375.4,385.1,362.8,359.5,358.4,372.8,363.4,364.5,367.8
0,0,0.975,-4.0,19.6,372.0,0.023,0.103,-0.112,-82.1,-79.0,-73.9,-67.7,-58.3,-44.2,-28.2,-10.7,6.9,23.7,39.9,54.2,65.2,70.5,70.8,70.5,68.9,-71.1,-61.9,-49.8,-37.6,-26.1,2.2,14.2,25.9,38.5,49.4,-9.6,-8.6,-7.6,-6.5,-19.6,-12.2,-4.8,2.8,9.7,-53.8,-45.6,-35.8,-26.7,-35.5,-45.1,10.0,17.8,27.3,35.9,28.6,19.4,-32.0,-23.5,-12.5,-4.0,4.9,17.9,30.3,21.4,10.1,0.1,-9.2,-21.5,-27.0,-11.4,-2.9,6.2,25.6,8.1,-1.4,-10.3,-14.9,8.3,31.5,53.5,73.1,88.7,99.3,103.7,103.1,99.7,91.9,79.6,62.5,41.0,17.7,-5.8,-28.6,-27.6,-35.9,-38.1,-37.2,-34.3,-37.0,-42.6,-45.5,-45.8,-40.8,-20.7,-9.4,1.7,13.0,23.3,24.6,25.6,22.5,19.7,-14.2,-19.1,-19.9,-15.5,-13.2,-12.3,-19.4,-25.5,-26.5,-23.7,-20.1,-18.9,53.2,41.1,35.3,36.0,33.3,36.3,44.2,58.2,64.7,67.1,67.8,64.8,52.6,43.4,42.7,41.0,45.2,53.3,55.4,56.0,423.4,424.8,427.6,428.7,425.7,418.5,406.3,390.4,383.9,387.3,397.6,406.2,408.2,406.2,401.2,398.7,398.3,393.2,386.3,379.2,372.5,366.8,362.2,364.8,367.1,370.0,373.1,363.2,358.0,352.8,347.9,365.2,360.6,356.8,357.8,359.1,386.5,382.1,379.9,377.2,378.7,381.4,371.7,370.6,370.3,371.1,369.2,369.6,386.6,368.8,359.4,356.3,355.5,361.1,372.4,365.3,360.3,361.5,364.6,373.8,383.8,362.7,359.4,358.3,371.6,361.5,362.6,365.9
0,0,0.975,-4.4,20.2,372.7,0.026,0.104,-0.116,-82.7,-79.4,-74.0,-67.8,-58.4,-44.5,-28.8,-11.2,6.3,23.2,39.6,54.0,65.1,70.4,70.6,70.2,68.4,-71.9,-62.6,-50.4,-38.2,-26.6,1.5,13.6,25.2,37.9,48.8,-10.2,-9.1,-8.0,-7.0,-20.0,-12.6,-5.1,2.4,9.3,-54.5,-46.3,-36.4,-27.2,-36.1,-45.8,9.6,17.2,26.8,35.5,28.3,19.0,-32.0,-23.7,-12.8,-4.3,4.5,17.5,29.9,21.1,9.8,-0.2,-9.5,-21.6,-27.0,-11.7,-3.3,5.9,25.1,7.7,-1.7,-10.6,-14.2,8.9,32.0,53.9,73.5,89.1,99.7,104.3,103.6,100.2,92.4,80.0,62.7,41.1,17.7,-5.9,-28.9,-26.6,-34.9,-37.1,-36.3,-33.5,-36.3,-41.9,-44.9,-45.4,-40.3,-20.1,-8.7,2.4,13.8,24.2,25.5,26.5,23.3,20.4,-13.7,-18.8,-19.7,-14.9,-12.5,-11.7,-19.0,-25.5,-26.5,-23.6,-19.8,-18.6,54.2,42.0,36.1,36.8,34.0,37.1,45.1,58.8,65.2,67.6,68.4,65.5,53.6,44.3,43.6,41.9,46.0,53.8,55.9,56.5,423.6,425.0,427.6,428.8,426.1,419.3,407.7,391.9,384.9,387.9,398.0,406.7,408.8,406.8,401.7,399.0,398.4,393.6,386.7,379.6,373.0,367.5,363.0,365.4,367.3,369.9,372.8,363.8,358.8,353.8,349.0,366.1,361.5,357.7,358.6,359.8,387.1,382.6,380.4,377.6,379.2,382.0,372.1,370.8,370.5,371.3,369.4,369.9,387.2,369.5,360.2,357.1,356.1,361.7,372.8,365.8,360.8,362.2,365.4,374.6,384.4,363.5,360.1,358.9,371.9,362.0,363.2,366.6
0,0,0.975,-4.9,20.7,372.7,0.02,0.102,-0.111,-82.8,-79.6,-74.2,-68.0,-59.0,-45.4,-29.7,-12.0,5.6,22.2,38.4,52.6,63.8,69.4,70.0,69.7,68.0,-72.3,-63.0,-50.8,-38.6,-27.1,1.0,13.0,24.7,37.3,48.3,-10.8,-9.6,-8.6,-7.5,-20.2,-12.9,-5.6,1.8,8.7,-54.9,-46.8,-36.8,-27.7,-36.5,-46.3,9.1,16.7,26.3,34.9,27.8,18.5,-32.1,-24.0,-13.2,-4.8,4.0,16.9,29.2,20.7,9.4,-0.5,-9.7,-21.9,-27.0,-12.2,-3.8,5.3,24.5,7.3,-2.1,-10.9,-13.6,9.2,31.8,53.3,73.0,89.0,100.2,105.1,104.5,101.3,93.8,81.7,64.8,43.5,20.0,-3.8,-27.1,-26.2,-34.6,-36.7,-35.9,-33.1,-36.0,-41.9,-44.9,-45.4,-40.4,-20.0,-8.6,2.5,13.8,24.4,25.7,26.6,23.5,20.7,-13.5,-18.9,-19.7,-14.8,-12.4,-11.5,-19.0,-25.8,-26.9,-23.8,-19.9,-18.6,55.0,42.5,36.6,37.3,34.5,37.6,45.9,59.9,66.5,68.9,69.7,66.6,54.4,44.6,43.9,42.2,46.9,55.2,57.3,57.9,422.7,423.9,426.3,427.5,424.9,418.1,407.0,391.2,383.9,386.7,396.6,405.3,407.8,406.1,401.4,398.8,398.1,393.3,386.5,379.4,372.8,367.5,363.1,365.2,367.1,369.8,372.9,363.6,358.7,353.7,348.9,366.1,361.5,357.7,358.5,359.7,387.3,382.9,380.7,377.9,379.6,382.4,372.1,370.9,370.6,371.4,369.5,370.0,387.0,369.4,360.3,357.2,356.2,361.6,372.3,365.9,361.4,362.9,366.0,374.8,384.1,363.5,360.1,358.8,371.6,362.5,363.8,367.2
0,0,0.975,-5.1,21.3,372.3,0.014,0.101,-0.108,-82.8,-79.7,-74.4,-68.2,-59.3,-45.8,-30.1,-12.2,5.3,21.8,37.8,52.0,63.3,69.0,69.6,69.3,67.6,-72.3,-63.0,-50.9,-38.7,-27.3,1.0,12.9,24.5,37.0,48.1,-11.0,-9.8,-8.7,-7.5,-20.2,-13.0,-5.7,1.7,8.5,-55.1,-47.0,-36.9,-27.7,-36.6,-46.5,9.0,16.5,26.2,34.8,27.8,18.4,-32.0,-24.1,-13.3,-5.0,3.6,16.5,28.5,20.2,9.0,-0.8,-10.0,-21.9,-26.8,-12.3,-4.0,5.0,23.8,6.8,-2.4,-11.2,-13.2,9.4,32.0,53.5,73.3,89.5,101.0,106.1,105.5,102.4,95.0,82.9,66.0,44.6,20.9,-3.3,-26.7,-25.8,-34.1,-36.1,-35.3,-32.6,-35.5,-41.4,-44.4,-45.0,-40.1,-19.8,-8.3,2.9,14.3,25.0,26.2,27.1,24.1,21.3,-13.1,-18.6,-19.4,-14.5,-12.0,-11.1,-18.7,-25.5,-26.6,-23.4,-19.4,-18.2,56.0,43.2,37.1,37.8,35.1,38.5,47.1,60.8,67.2,69.5,70.3,67.2,55.2,45.5,44.8,43.2,48.0,55.4,57.5,58.0,421.5,422.9,425.6,426.9,424.2,417.5,406.5,390.9,383.6,386.3,396.2,405.1,407.7,406.2,401.3,398.3,397.2,392.6,386.0,379.2,373.0,367.9,363.4,365.5,367.2,369.7,372.4,363.6,358.7,353.8,349.1,366.0,361.4,357.7,358.6,359.7,387.1,382.8,380.5,377.7,379.4,382.3,372.0,370.8,370.4,371.2,369.4,369.9,386.0,368.5,359.6,356.6,355.5,360.7,371.2,365.0,360.7,362.2,365.4,374.0,382.9,363.0,359.7,358.3,370.5,361.7,363.1,366.4
0,0,0.975,-5.0,21.9,372.9,0.037,0.101,-0.11,-82.7,-79.6,-74.2,-68.2,-59.4,-46.2,-30.6,-12.7,5.1,22.0,38.1,52.4,63.5,69.0,69.5,69.2,67.5,-71.8,-62.5,-50.4,-38.2,-26.9,1.3,13.1,24.6,36.9,47.8,-10.7,-9.5,-8.5,-7.4,-20.1,-12.9,-5.7,1.7,8.5,-54.8,-46.7,-36.7,-27.7,-36.4,-46.2,9.3,16.6,26.2,34.7,27.8,18.6,-31.5,-23.8,-13.1,-4.9,3.8,16.5,28.3,20.3,9.2,-0.6,-9.8,-21.7,-26.5,-12.2,-3.9,5.0,23.7,7.2,-2.1,-10.9,-13.2,9.6,32.3,53.8,73.8,90.1,101.7,107.0,106.3,103.0,95.3,82.7,65.3,43.5,19.9,-4.1,-27.5,-25.5,-33.7,-35.6,-34.7,-32.1,-35.0,-40.7,-43.7,-44.3,-39.4,-19.1,-7.7,3.4,14.7,25.4,26.7,27.7,24.6,21.8,-12.8,-18.3,-19.1,-14.0,-11.5,-10.7,-18.1,-25.0,-26.1,-22.8,-18.9,-17.6,57.0,44.1,38.1,38.9,36.2,39.6,48.3,62.3,68.9,71.1,71.8,68.6,56.2,46.1,45.4,43.9,49.2,57.7,59.8,60.3,420.8,422.3,425.1,426.6,424.5,418.6,408.5,393.1,385.2,387.4,396.8,405.0,407.3,405.3,400.2,397.2,396.1,391.4,384.7,377.9,371.7,366.6,362.7,364.5,365.8,368.1,370.9,362.8,358.3,353.7,349.4,366.2,361.7,358.0,358.6,359.6,386.1,381.7,379.4,376.8,378.5,381.4,371.0,369.5,369.2,370.1,368.4,368.8,387.0,369.8,360.9,357.8,356.8,362.2,372.4,366.8,362.8,364.5,367.6,375.9,384.1,363.9,360.5,359.3,371.8,363.7,365.1,368.5
0,0,0.975,-4.9,21.9,372.3,0.035,0.103,-0.108,-82.7,-79.7,-74.3,-67.9,-58.9,-45.4,-29.9,-12.1,5.3,21.9,37.9,52.2,63.3,68.8,69.5,69.1,67.4,-71.5,-62.3,-50.2,-38.1,-26.7,1.6,13.4,24.9,37.3,48.1,-10.6,-9.5,-8.5,-7.5,-19.8,-12.8,-5.7,1.6,8.3,-54.5,-46.5,-36.4,-27.4,-36.1,-46.0,9.4,16.7,26.4,35.0,28.1,18.7,-30.6,-22.8,-12.5,-4.8,3.2,15.6,27.3,18.9,8.2,-0.9,-9.5,-20.8,-25.6,-11.6,-3.8,4.4,22.6,6.1,-2.4,-10.6,-13.6,9.4,32.3,54.0,73.8,89.9,101.1,106.1,105.4,102.2,94.9,82.6,65.4,43.8,20.1,-4.0,-27.5,-25.7,-34.0,-36.0,-35.0,-32.3,-35.1,-40.8,-43.9,-44.3,-39.3,-19.4,-7.9,3.3,14.8,25.7,26.9,27.9,25.0,22.2,-13.1,-18.7,-19.5,-14.3,-11.7,-10.8,-18.3,-25.1,-26.2,-22.8,-18.7,-17.6,57.4,45.3,39.4,40.3,37.7,41.1,49.2,62.0,67.8,69.8,70.4,67.7,56.6,47.4,46.8,45.4,50.0,56.5,58.3,58.7,421.2,422.9,425.7,427.0,424.3,417.9,407.2,392.1,384.7,387.2,396.9,405.4,407.9,405.8,400.6,396.7,395.1,391.3,384.6,377.7,371.5,366.3,361.9,363.8,365.2,367.5,370.3,362.2,357.5,352.7,348.1,365.1,360.9,357.4,358.1,359.2,386.0,381.7,379.2,376.5,378.3,381.3,370.4,369.0,368.7,369.7,367.9,368.4,385.8,368.9,360.3,357.5,356.4,361.6,371.6,365.4,361.7,363.2,366.2,374.4,382.6,363.5,360.3,359.1,370.7,362.4,363.7,366.9
0,0,0.975,-4.9,21.6,372.1,0.025,0.107,-0.107,-83.2,-80.3,-74.9,-68.5,-59.0,-45.1,-29.5,-11.7,5.6,22.2,38.3,52.6,63.5,68.7,69.5,68.9,67.2,-71.6,-62.3,-50.2,-38.0,-26.6,1.8,13.7,25.1,37.5,48.4,-10.6,-9.6,-8.8,-7.9,-19.2,-12.5,-5.8,1.2,7.8,-54.3,-46.6,-36.2,-27.4,-36.0,-46.1,9.6,16.8,26.7,35.1,28.4,18.9,-29.6,-21.1,-11.5,-4.5,2.6,14.1,26.1,16.6,6.2,-1.8,-9.3,-19.7,-24.7,-10.7,-3.7,3.7,21.3,4.3,-3.2,-10.4,-14.4,8.3,31.2,53.1,72.9,89.2,100.6,105.7,104.8,101.5,93.9,81.4,64.3,43.1,19.7,-4.2,-27.7,-26.1,-34.4,-36.5,-35.4,-32.8,-35.7,-41.6,-44.6,-45.0,-39.8,-20.0,-8.3,3.2,14.8,26.6,27.8,28.7,26.0,23.3,-13.2,-18.9,-19.8,-14.4,-11.3,-10.3,-18.7,-25.7,-26.8,-23.1,-18.6,-17.5,57.5,47.3,42.1,43.0,40.4,43.3,49.6,60.0,64.3,65.9,66.5,64.9,56.8,50.0,49.4,47.9,50.4,53.6,55.0,55.5,423.5,425.3,427.7,428.3,424.4,417.3,406.5,391.6,384.4,386.7,396.3,404.6,407.2,405.3,401.1,396.9,395.0,392.1,385.2,378.3,372.3,367.4,362.4,364.3,365.9,368.0,370.9,363.0,357.8,352.4,347.3,364.9,360.9,357.7,358.5,359.7,386.9,382.6,380.0,377.4,379.0,382.2,371.5,370.0,369.7,370.9,369.0,369.4,384.6,368.6,361.0,358.8,357.7,362.2,371.7,363.7,359.8,360.9,363.6,371.7,381.0,363.7,361.1,360.1,370.0,360.7,361.6,364.4
0,0,0.975,-5.1,21.4,368.4,0.045,0.1,-0.109,-83.3,-80.5,-75.2,-68.9,-59.4,-45.3,-29.6,-12.0,5.7,22.7,39.1,53.2,63.4,68.1,68.9,68.0,66.4,-71.3,-62.0,-49.9,-37.7,-26.1,1.5,13.1,24.6,36.7,47.6,-10.6,-9.7,-8.9,-8.0,-18.5,-12.2,-5.9,0.9,7.1,-53.7,-46.3,-36.3,-27.7,-36.0,-45.8,9.3,16.6,26.1,34.3,27.7,18.5,-29.5,-19.7,-10.5,-4.0,2.7,13.4,25.5,14.6,4.5,-2.9,-9.8,-19.3,-25.1,-10.1,-3.5,3.5,20.9,3.1,-3.9,-10.4,-15.1,7.5,30.1,52.1,72.0,88.3,99.5,104.5,103.5,100.0,92.2,79.3,62.0,41.1,18.4,-4.9,-28.2,-26.1,-34.3,-36.4,-35.2,-32.6,-35.7,-41.7,-44.7,-45.1,-40.2,-20.5,-8.7,2.9,14.6,27.0,28.3,29.2,26.8,24.1,-13.3,-19.0,-19.9,-14.9,-11.5,-10.4,-19.0,-26.0,-27.0,-23.2,-18.7,-17.7,57.2,50.3,46.6,47.5,45.1,46.9,50.2,58.1,61.0,62.3,62.8,61.9,56.7,52.5,52.3,50.7,51.1,52.6,53.9,54.2,422.9,424.5,426.4,426.5,421.1,413.5,402.2,387.0,379.9,382.6,393.4,401.8,404.7,403.1,399.8,395.4,394.0,388.6,380.8,373.5,366.6,360.9,356.7,359.0,361.6,364.2,368.6,357.3,351.2,344.7,338.7,359.5,355.3,351.8,352.6,354.2,382.2,378.0,375.4,373.4,374.3,377.3,367.5,366.3,366.0,367.9,365.6,365.8,380.8,366.1,359.4,357.7,357.0,361.3,370.3,360.5,356.3,356.7,359.0,367.1,376.8,360.9,359.0,358.6,367.9,357.5,357.8,360.1
0,0,0.975,-5.5,21.9,367.8,0.045,0.099,-0.115,-84.4,-81.2,-75.5,-68.7,-58.8,-44.5,-29.0,-11.8,5.6,22.6,39.2,53.3,63.2,67.8,68.5,67.5,66.0,-72.0,-62.5,-50.4,-38.3,-26.8,1.0,12.5,23.8,36.0,47.0,-11.0,-10.1,-9.3,-8.4,-18.7,-12.5,-6.2,0.5,6.6,-54.1,-46.9,-36.9,-28.3,-36.5,-46.4,8.7,15.9,25.4,33.7,27.1,17.9,-29.4,-19.1,-10.1,-4.0,2.4,12.8,25.2,13.5,3.3,-3.6,-9.9,-19.1,-25.3,-9.8,-3.7,2.9,20.6,2.3,-4.2,-10.3,-14.8,8.4,31.5,53.7,73.4,89.2,99.6,103.9,102.6,99.2,91.9,79.3,62.1,41.4,18.8,-4.4,-27.8,-25.4,-33.6,-35.8,-34.7,-32.2,-35.5,-41.4,-44.5,-45.0,-40.3,-20.3,-8.3,3.5,15.3,27.7,29.0,29.9,27.5,24.7,-12.5,-18.4,-19.4,-14.2,-10.6,-9.4,-18.6,-25.8,-26.9,-22.9,-18.3,-17.2,57.6,51.8,48.5,49.3,47.1,48.4,50.5,57.7,60.0,61.2,61.6,61.1,57.2,53.4,53.2,51.7,51.5,52.8,54.0,54.4,425.0,425.9,426.9,426.2,420.2,412.5,401.3,385.8,378.4,380.7,392.3,401.0,404.0,402.5,399.7,395.9,395.3,388.3,380.4,373.0,365.7,359.5,355.6,358.4,361.3,364.2,369.0,356.3,349.9,343.0,336.6,358.2,353.7,350.0,350.8,352.4,381.6,377.3,374.7,372.8,373.5,376.4,366.9,366.1,365.8,368.0,365.2,365.3,380.8,366.5,359.8,358.3,357.7,362.2,371.1,359.8,355.1,355.3,357.6,366.2,376.7,360.4,358.7,358.6,368.5,356.9,356.9,359.2
0,0,0.975,-5.7,22.5,368.5,0.052,0.096,-0.121,-85.1,-81.9,-76.1,-69.2,-59.1,-44.4,-28.4,-10.7,6.7,23.4,39.5,53.3,63.3,68.0,68.5,67.2,65.4,-72.7,-63.2,-51.1,-39.0,-27.5,-0.0,11.5,22.9,35.2,46.5,-11.8,-10.7,-9.8,-8.8,-19.1,-12.8,-6.4,0.4,6.6,-54.7,-47.6,-37.6,-28.9,-37.1,-46.9,8.0,15.2,24.7,33.1,26.5,17.3,-29.7,-19.3,-10.2,-3.9,2.6,13.3,25.9,14.1,3.9,-3.3,-9.7,-19.0,-25.4,-9.9,-3.6,3.2,21.2,2.7,-4.0,-10.3,-14.3,8.6,31.5,53.7,73.4,89.4,99.8,104.0,102.5,99.2,92.2,80.1,63.2,42.6,19.7,-3.8,-27.5,-24.5,-32.5,-34.6,-33.5,-31.1,-34.5,-40.5,-43.7,-44.3,-39.8,-19.3,-7.4,4.3,16.1,28.5,29.8,30.7,28.1,25.2,-11.5,-17.6,-18.6,-13.5,-9.8,-8.6,-17.9,-25.3,-26.4,-22.5,-17.9,-16.7,58.3,52.6,49.3,50.1,47.7,48.9,50.7,57.9,60.4,61.6,62.1,61.8,58.0,54.1,53.9,52.1,51.7,53.2,54.6,55.0,425.4,426.5,427.7,427.2,421.2,413.3,401.6,386.1,378.8,381.6,393.6,402.6,405.7,404.3,401.0,396.6,395.6,388.6,380.5,373.1,365.8,359.7,355.5,358.5,361.4,364.3,369.5,356.4,350.1,343.3,337.0,358.9,354.4,350.6,351.4,353.1,382.0,377.9,375.3,373.4,374.1,376.9,367.1,366.4,366.3,368.5,365.7,365.7,381.8,367.2,360.7,359.1,358.5,363.1,372.2,360.7,355.8,355.9,358.2,367.0,377.8,361.1,359.4,359.2,369.5,357.6,357.7,360.0
0,0,0.975,-5.7,22.8,370.6,0.059,0.096,-0.131,-85.5,-82.2,-76.4,-69.4,-59.0,-44.2,-28.2,-10.6,6.9,23.6,39.9,53.7,63.7,68.2,68.3,67.0,65.0,-73.4,-63.8,-51.8,-39.7,-28.1,-0.5,11.1,22.6,34.8,45.9,-12.3,-11.2,-10.1,-9.1,-19.5,-13.0,-6.5,0.4,6.8,-55.5,-48.2,-38.1,-29.3,-37.6,-47.5,7.7,14.7,24.4,32.8,26.2,17.0,-30.6,-20.6,-11.0,-4.0,3.3,14.8,27.5,16.6,5.8,-2.2,-9.6,-19.7,-26.0,-10.4,-3.3,4.3,22.8,4.2,-3.4,-10.5,-13.3,9.5,32.3,54.4,73.9,89.6,100.3,104.9,103.5,99.9,91.9,79.2,61.9,41.2,18.7,-4.4,-27.5,-23.8,-31.7,-33.8,-32.9,-30.6,-34.1,-40.3,-43.5,-44.0,-39.5,-18.7,-7.0,4.4,16.0,28.9,29.9,30.7,28.0,25.1,-11.0,-17.1,-18.1,-12.9,-9.4,-8.2,-17.7,-25.1,-26.4,-22.5,-17.9,-16.7,59.2,51.9,47.9,48.6,45.9,47.3,50.4,59.2,62.9,64.5,65.2,64.3,58.7,53.9,53.5,51.6,51.5,54.3,55.9,56.4,424.8,426.4,428.5,428.7,423.1,415.3,404.1,389.2,382.0,384.6,395.5,403.9,406.1,404.2,400.3,396.1,395.0,389.4,381.4,374.3,367.6,362.2,358.1,360.5,363.0,365.4,369.6,358.6,352.9,346.7,340.9,361.9,357.5,354.0,354.7,356.1,383.4,379.2,376.7,374.9,375.8,378.6,368.8,367.5,367.3,369.2,366.8,367.1,384.6,369.0,361.9,360.0,359.2,364.0,373.4,363.7,358.9,359.4,361.9,370.7,380.8,363.4,361.3,360.7,371.2,359.9,360.3,362.9
0,0,0.975,-5.6,23.3,371.2,0.064,0.092,-0.133,-84.7,-81.6,-76.0,-69.1,-59.1,-44.7,-28.5,-9.9,7.8,24.2,39.6,52.9,63.0,67.7,67.9,66.7,64.3,-73.1,-64.0,-52.1,-40.1,-28.8,-0.6,11.0,22.4,34.4,45.1,-12.8,-11.5,-10.2,-9.0,-19.7,-13.0,-6.4,0.5,6.9,-55.9,-48.5,-38.3,-29.5,-37.8,-47.7,7.6,14.4,24.1,32.5,26.1,16.8,-29.3,-21.3,-11.7,-4.2,3.4,15.3,27.0,18.8,8.4,-0.2,-8.3,-19.1,-24.4,-10.8,-3.3,4.6,22.4,6.1,-2.0,-9.8,-12.2,9.8,31.8,53.3,73.2,89.9,102.5,108.9,108.2,104.2,95.2,81.6,63.9,42.6,19.2,-4.6,-28.0,-23.5,-31.7,-33.7,-32.9,-30.6,-34.1,-40.4,-43.6,-44.1,-39.4,-17.9,-6.6,4.6,15.9,28.2,29.3,30.1,27.2,24.3,-10.7,-16.8,-17.9,-12.7,-9.3,-8.2,-17.7,-25.0,-26.3,-22.6,-18.1,-16.7,59.7,49.5,44.4,45.1,42.3,44.5,50.4,62.4,68.0,70.1,70.8,68.4,58.9,51.6,51.0,49.1,51.3,57.9,59.9,60.3,418.9,421.5,424.6,426.0,422.0,415.4,406.1,392.5,385.7,388.0,396.5,403.7,405.3,403.0,398.3,393.9,391.5,387.6,380.4,373.7,367.9,363.8,359.2,360.7,362.5,364.6,368.0,359.6,354.7,349.6,344.8,363.4,359.4,356.3,356.8,357.9,383.2,379.1,376.7,374.8,376.2,379.2,368.5,367.0,366.7,368.3,366.4,366.6,383.9,367.8,360.8,358.6,357.5,362.2,371.6,365.6,362.2,363.3,365.8,372.8,380.7,363.3,360.8,359.8,370.2,362.6,363.6,366.1
0,0,0.975,-5.7,24.0,370.6,0.062,0.09,-0.129,-84.6,-81.5,-75.8,-69.0,-59.3,-45.1,-28.6,-9.7,8.1,24.1,39.0,51.9,62.3,67.3,67.7,66.7,64.3,-73.0,-63.9,-52.0,-39.9,-28.7,-0.7,10.8,22.0,34.1,45.0,-12.7,-11.2,-9.8,-8.4,-19.9,-13.1,-6.2,0.7,7.1,-55.9,-48.4,-38.3,-29.3,-37.7,-47.6,7.4,14.4,24.0,32.4,25.9,16.7,-29.8,-22.3,-12.2,-4.7,2.9,15.1,26.7,19.2,8.9,0.2,-8.2,-19.6,-24.8,-11.2,-3.6,4.2,22.1,6.5,-1.8,-9.7,-11.3,10.8,32.9,54.2,74.4,91.5,104.2,110.5,110.0,106.1,97.5,84.3,66.7,45.2,21.4,-2.8,-26.3,-22.5,-30.8,-32.8,-32.0,-29.6,-33.0,-39.1,-42.3,-43.0,-38.6,-17.1,-5.7,5.5,17.0,28.2,29.3,30.2,27.1,24.1,-10.2,-16.1,-17.1,-12.1,-9.1,-8.0,-16.8,-23.9,-25.2,-21.9,-17.6,-16.2,59.6,48.0,42.3,43.0,40.3,43.0,50.4,64.3,70.6,72.8,73.5,70.5,58.8,49.9,49.2,47.6,51.4,59.6,61.6,62.2,417.0,419.6,423.0,424.6,421.7,415.7,406.4,392.5,386.0,388.5,397.1,404.4,406.2,403.7,398.4,393.9,391.0,386.6,379.8,373.2,367.2,362.6,358.1,359.8,361.4,363.8,367.1,358.7,354.1,349.5,345.1,362.8,358.8,355.4,356.0,357.1,382.4,378.3,376.0,373.5,375.3,378.3,367.5,366.1,365.8,367.1,365.4,365.7,383.7,366.9,359.0,356.6,355.5,360.3,370.4,365.3,362.3,363.6,366.1,373.1,380.7,362.1,359.4,358.2,369.4,362.7,363.8,366.5
0,0,0.975,-6.0,24.3,372.8,0.045,0.085,-0.128,-86.2,-82.6,-76.7,-70.1,-60.7,-46.5,-29.9,-10.9,7.3,23.9,39.6,53.0,63.3,68.1,68.1,67.1,64.8,-73.8,-64.5,-52.3,-40.1,-28.7,-0.8,10.9,22.2,34.6,45.9,-12.5,-10.9,-9.5,-8.1,-20.3,-13.2,-6.1,1.0,7.5,-56.4,-48.7,-38.6,-29.5,-38.1,-48.0,7.3,14.5,24.1,32.7,26.0,16.7,-31.0,-22.7,-12.6,-4.9,3.0,15.1,27.0,18.4,7.8,-1.1,-9.5,-20.6,-26.0,-11.8,-4.0,4.2,22.3,5.8,-2.7,-10.7,-10.6,11.9,34.2,55.6,75.5,92.0,103.7,108.7,107.6,104.1,96.5,84.2,66.9,45.5,21.8,-2.3,-25.9,-21.4,-29.7,-31.7,-30.9,-28.5,-32.0,-38.1,-41.4,-42.4,-37.9,-16.3,-4.7,6.7,18.3,29.1,30.4,31.2,28.1,25.0,-9.2,-15.1,-16.1,-11.0,-8.0,-7.0,-15.8,-23.1,-24.4,-21.1,-16.7,-15.3,59.9,48.6,43.2,43.8,41.1,43.7,50.7,62.5,67.8,69.9,70.7,68.6,59.0,50.4,49.7,47.9,51.5,57.8,59.8,60.4,423.2,424.8,427.2,428.0,425.2,419.0,408.5,392.8,385.5,388.3,399.0,407.7,410.6,408.5,403.5,399.3,397.2,390.4,383.5,376.7,370.3,365.1,361.0,363.3,365.2,368.2,372.2,361.7,357.1,352.3,347.8,365.8,361.5,357.7,358.3,359.5,385.4,381.3,379.1,376.6,378.1,381.0,371.1,370.0,369.9,371.3,369.2,369.4,386.2,369.5,361.8,359.3,358.4,363.6,373.8,366.2,362.0,363.2,365.9,373.9,383.0,364.2,361.5,360.5,372.3,363.3,364.3,367.2
0,0,0.975,-6.4,23.8,377.5,0.008,0.083,-0.129,-88.6,-84.4,-78.1,-71.4,-62.0,-47.7,-31.0,-11.8,6.5,23.5,40.0,54.0,64.5,69.0,69.0,68.0,66.1,-75.5,-65.7,-53.3,-41.2,-29.7,-1.2,10.8,22.3,34.9,46.8,-12.8,-11.3,-9.9,-8.4,-21.3,-13.8,-6.4,1.0,7.8,-57.6,-49.9,-39.5,-30.3,-39.1,-49.2,7.3,14.6,24.5,33.4,26.5,17.0,-31.9,-22.8,-13.1,-5.2,3.0,14.9,27.5,17.2,6.3,-2.7,-10.9,-21.2,-27.1,-12.4,-4.5,4.0,22.4,4.7,-3.9,-11.9,-9.3,13.2,35.3,56.5,75.9,91.8,102.4,105.8,103.6,100.3,94.3,83.3,66.8,45.5,22.0,-2.3,-26.3,-20.9,-29.4,-31.4,-30.6,-28.4,-32.2,-38.3,-41.7,-42.8,-38.0,-16.0,-4.2,7.4,19.1,30.0,31.2,32.0,28.8,25.6,-8.1,-14.4,-15.5,-10.1,-6.8,-5.6,-15.3,-23.1,-24.5,-20.8,-16.3,-14.7,60.0,49.2,44.2,44.7,41.8,44.2,50.4,58.6,62.2,64.1,65.1,64.7,59.0,50.7,49.9,48.0,51.0,53.8,55.7,56.5,433.6,433.5,434.0,433.3,430.3,423.8,412.5,395.1,386.5,389.4,401.8,412.5,416.9,415.6,411.4,408.0,407.6,397.7,390.7,383.8,377.6,372.2,368.0,371.1,373.1,376.3,380.5,368.9,364.0,358.8,354.1,372.0,367.4,363.4,364.0,365.3,392.5,388.4,386.2,383.7,384.8,387.6,378.4,377.7,378.0,379.6,376.9,376.7,391.0,374.6,367.7,365.1,364.2,369.8,380.0,368.9,362.6,363.5,366.6,376.0,387.5,368.8,366.0,365.0,377.7,365.2,366.1,369.3
0,0,0.975,-7.1,24.2,378.0,0.013,0.085,-0.126,-88.8,-84.7,-78.5,-71.9,-62.7,-48.8,-32.3,-13.3,5.1,22.3,38.9,53.2,63.9,68.5,68.6,67.8,66.0,-76.0,-66.2,-53.8,-41.7,-30.2,-1.6,10.3,21.8,34.5,46.3,-13.4,-11.9,-10.5,-9.1,-22.0,-14.5,-7.1,0.3,7.1,-58.1,-50.4,-40.0,-30.9,-39.6,-49.8,6.9,14.0,24.0,32.8,26.0,16.4,-32.4,-23.6,-13.8,-6.0,2.2,14.1,26.5,16.5,5.7,-3.3,-11.5,-21.9,-27.6,-13.1,-5.3,3.1,21.5,4.0,-4.5,-12.6,-9.0,13.5,35.5,56.5,75.9,91.8,102.4,106.0,104.0,100.7,94.6,83.6,67.0,45.9,22.4,-1.8,-25.8,-20.8,-29.2,-31.2,-30.4,-28.2,-32.0,-38.2,-41.6,-42.7,-37.9,-15.8,-3.9,7.7,19.5,30.1,31.4,32.3,29.0,25.8,-8.0,-14.2,-15.3,-9.9,-6.6,-5.5,-15.1,-22.9,-24.4,-20.7,-16.2,-14.6,60.7,49.5,44.2,44.7,41.9,44.4,51.1,59.6,63.5,65.5,66.4,65.8,59.6,50.9,50.1,48.2,51.6,54.9,56.8,57.6,432.9,432.8,433.4,433.1,430.6,424.4,413.5,396.0,387.1,389.7,401.8,412.3,416.6,415.3,411.1,407.8,407.3,397.8,390.9,384.0,377.7,372.3,367.9,370.8,372.6,375.9,380.0,369.1,364.5,359.6,355.1,372.6,368.0,364.0,364.6,365.8,393.0,388.8,386.4,383.9,385.1,388.0,378.3,377.4,377.5,379.1,376.6,376.5,391.6,375.2,368.1,365.4,364.5,370.1,380.1,369.5,363.5,364.7,367.8,377.1,388.2,369.4,366.4,365.4,378.0,365.9,367.0,370.3
0,0,0.975,-7.5,25.3,378.8,0.033,0.085,-0.126,-88.9,-84.9,-78.9,-72.5,-63.6,-50.0,-33.4,-13.9,4.8,22.2,38.7,52.8,63.4,67.9,68.1,67.4,65.6,-76.2,-66.4,-54.1,-41.9,-30.5,-2.1,10.0,21.4,33.9,45.6,-13.9,-12.4,-11.0,-9.6,-22.4,-15.0,-7.6,-0.3,6.4,-58.5,-50.8,-40.4,-31.3,-40.0,-50.2,6.6,13.6,23.6,32.3,25.6,16.1,-31.9,-23.7,-14.3,-6.5,1.4,13.0,24.9,15.7,5.4,-3.5,-11.6,-21.9,-27.0,-13.5,-5.8,2.4,19.9,3.5,-4.8,-12.8,-8.7,13.5,35.2,56.1,75.9,92.4,103.9,108.2,106.3,102.6,95.5,83.7,66.8,45.6,22.4,-1.5,-25.2,-20.0,-28.3,-30.2,-29.4,-27.2,-31.0,-37.1,-40.5,-41.6,-37.0,-14.5,-2.6,9.0,20.8,31.2,32.6,33.5,30.3,27.1,-7.0,-13.3,-14.4,-8.8,-5.6,-4.5,-14.3,-22.0,-23.5,-19.8,-15.2,-13.6,62.3,50.6,45.2,45.7,42.8,45.6,52.8,61.9,66.1,68.2,69.1,68.2,61.1,52.1,51.3,49.4,53.3,57.1,59.1,59.8,431.1,431.8,433.1,433.4,431.7,426.2,416.0,399.0,390.0,392.3,403.2,412.8,416.7,415.0,410.5,406.9,405.7,397.1,390.1,383.2,377.0,371.9,367.6,370.1,371.6,374.5,378.4,368.9,364.9,360.5,356.6,373.4,369.1,365.5,365.7,366.6,392.6,388.3,385.8,383.3,384.9,387.9,377.8,376.5,376.7,378.4,376.0,375.9,391.5,375.5,368.7,366.1,365.0,370.2,379.8,370.8,365.7,367.1,370.1,378.3,388.2,370.4,367.4,366.2,377.9,367.6,368.8,372.0
0,0,0.975,-8.0,25.9,379.0,0.045,0.09,-0.126,-89.5,-85.4,-79.2,-72.8,-64.0,-50.5,-33.8,-14.2,4.6,22.0,38.6,52.7,63.1,67.5,67.6,67.0,65.3,-76.4,-66.7,-54.4,-42.2,-30.8,-2.5,9.6,21.1,33.6,45.2,-14.2,-12.8,-11.5,-10.2,-22.9,-15.5,-8.2,-0.9,5.7,-58.9,-51.1,-40.7,-31.7,-40.3,-50.5,6.2,13.1,23.1,31.9,25.1,15.6,-32.1,-24.4,-15.0,-7.4,0.4,12.1,24.0,15.0,4.6,-4.1,-12.2,-22.4,-27.3,-14.2,-6.6,1.4,19.0,2.8,-5.4,-13.3,-8.6,13.7,35.3,56.1,75.8,92.4,104.0,108.5,106.6,102.7,95.6,83.6,66.7,45.8,22.8,-1.0,-24.6,-19.3,-27.7,-29.6,-28.8,-26.5,-30.3,-36.4,-39.7,-40.7,-35.9,-13.7,-1.9,9.6,21.4,31.5,32.9,33.8,30.7,27.5,-6.6,-12.9,-13.9,-8.2,-5.0,-4.0,-13.6,-21.4,-22.9,-19.2,-14.6,-13.0,63.2,51.0,45.3,45.9,43.1,46.1,53.9,63.7,68.1,70.1,71.1,69.8,62.0,52.3,51.5,49.7,54.4,59.0,61.0,61.7,431.4,432.2,433.4,433.6,432.3,427.1,417.0,399.9,390.6,392.5,403.1,412.2,415.9,413.9,409.3,405.6,404.4,396.5,389.6,382.6,376.3,371.0,366.7,369.2,370.4,373.3,377.2,368.1,364.4,360.4,356.8,373.4,369.3,365.6,365.7,366.3,392.3,387.9,385.3,382.8,384.5,387.7,376.9,375.5,375.6,377.4,375.0,375.0,392.0,375.9,368.7,366.0,364.8,370.1,379.8,371.2,366.3,368.0,371.1,379.3,388.8,370.5,367.4,366.1,378.1,368.1,369.5,372.8
0,0,0.975,-8.3,26.1,378.8,0.057,0.092,-0.124,-89.7,-85.7,-79.7,-73.3,-64.5,-51.0,-34.3,-14.6,4.3,21.7,38.1,52.0,62.4,66.8,67.0,66.5,64.8,-76.2,-66.6,-54.4,-42.2,-30.9,-2.6,9.5,20.9,33.4,44.8,-14.4,-13.0,-11.7,-10.4,-23.1,-15.8,-8.6,-1.3,5.2,-59.0,-51.3,-40.9,-32.1,-40.6,-50.7,6.0,12.8,22.7,31.4,24.8,15.3,-32.2,-24.7,-15.2,-7.9,-0.6,11.3,23.2,14.2,3.7,-4.6,-12.4,-22.7,-27.5,-14.5,-7.2,0.4,18.3,2.0,-5.8,-13.4,-8.8,13.4,34.9,55.7,75.5,92.5,104.4,109.2,107.4,103.1,95.5,83.2,66.2,45.4,22.6,-1.1,-24.5,-19.5,-27.9,-29.9,-29.1,-26.7,-30.6,-36.8,-40.0,-40.9,-36.0,-13.7,-2.0,9.6,21.4,31.2,32.6,33.6,30.5,27.3,-6.6,-12.9,-13.9,-8.2,-5.0,-4.1,-13.7,-21.5,-23.1,-19.3,-14.7,-13.1,63.5,51.0,45.2,45.7,43.1,46.2,54.4,65.1,69.7,71.6,72.4,70.9,62.2,52.0,51.2,49.6,54.9,60.8,62.6,63.3,430.1,430.9,432.1,432.4,431.5,426.9,417.3,400.4,390.9,392.1,402.0,410.5,413.9,411.8,407.3,403.8,402.5,394.9,388.3,381.5,375.3,370.1,365.7,368.1,369.1,371.9,375.8,367.0,363.6,359.9,356.5,372.6,368.7,365.1,365.1,365.6,391.2,386.9,384.3,381.6,383.5,386.7,375.5,374.1,374.2,375.9,373.7,373.6,392.4,376.3,368.7,366.0,364.8,370.3,380.1,371.7,367.0,368.7,371.7,380.0,389.3,370.4,367.3,366.0,378.6,368.8,370.2,373.4
0,0,0.975,-8.5,26.4,377.5,0.056,0.084,-0.123,-89.9,-86.0,-80.0,-73.6,-64.9,-51.4,-34.6,-14.9,4.0,21.3,37.6,51.5,61.9,66.4,66.7,66.1,64.4,-76.3,-66.8,-54.6,-42.3,-30.9,-2.6,9.4,20.9,33.4,44.7,-14.4,-13.0,-11.7,-10.4,-23.0,-15.8,-8.6,-1.5,4.9,-59.0,-51.3,-40.9,-32.1,-40.6,-50.8,5.7,12.5,22.4,31.1,24.5,15.0,-32.1,-24.4,-14.9,-7.8,-0.8,10.8,22.5,13.7,3.5,-4.5,-12.1,-22.4,-27.3,-14.1,-7.1,0.2,17.7,1.7,-5.8,-13.1,-8.7,13.6,35.4,56.4,76.3,93.1,104.7,109.3,107.4,103.2,95.7,83.5,66.6,45.8,23.1,-0.5,-23.9,-19.1,-27.6,-29.6,-28.9,-26.5,-30.5,-36.6,-39.8,-40.6,-35.7,-13.6,-1.8,9.8,21.7,31.6,33.0,33.9,30.9,27.8,-6.4,-12.8,-13.7,-8.0,-4.8,-3.8,-13.5,-21.4,-22.9,-19.2,-14.5,-12.9,63.7,51.5,45.6,46.2,43.6,46.7,54.6,65.5,70.1,72.0,72.9,71.3,62.5,52.5,51.7,50.1,55.3,61.0,62.7,63.4,428.3,429.4,430.8,431.3,430.4,425.8,416.0,399.3,390.0,391.6,401.7,410.3,413.9,411.8,407.4,403.7,402.3,393.5,386.9,380.1,373.9,368.5,364.4,367.0,368.3,371.3,375.4,365.8,362.3,358.5,355.0,371.0,367.2,363.8,363.9,364.5,389.6,385.2,382.6,380.1,382.0,385.1,374.5,373.1,373.3,375.2,372.8,372.7,390.7,374.9,367.2,364.7,363.6,369.1,378.9,370.6,366.1,367.8,370.6,378.6,387.7,369.2,366.3,365.1,377.4,367.7,369.0,372.0
0,0,0.975,-8.8,26.9,376.9,0.07,0.078,-0.128,-90.2,-86.3,-80.2,-73.7,-64.8,-51.2,-34.4,-14.9,3.7,20.9,36.9,50.8,61.1,65.5,65.8,65.1,63.1,-76.9,-67.2,-54.8,-42.6,-31.1,-3.1,8.8,20.2,32.6,43.8,-14.8,-13.4,-12.0,-10.6,-22.8,-15.8,-8.9,-1.9,4.3,-59.5,-51.8,-41.3,-32.5,-41.0,-51.3,5.1,11.8,21.7,30.4,24.0,14.4,-31.8,-24.1,-14.7,-7.8,-1.0,10.4,21.8,13.4,3.5,-4.3,-11.7,-22.1,-27.0,-13.8,-7.0,0.1,17.0,1.6,-5.7,-12.9,-8.6,13.9,36.1,57.4,77.3,94.0,105.4,110.1,108.5,104.2,96.3,83.5,66.3,45.4,22.6,-0.9,-24.3,-18.8,-27.1,-29.1,-28.4,-26.1,-30.2,-36.2,-39.5,-40.4,-35.8,-13.3,-1.5,10.2,22.0,32.3,33.6,34.5,31.6,28.5,-6.1,-12.5,-13.5,-7.6,-4.4,-3.4,-13.3,-21.3,-22.9,-19.1,-14.3,-12.7,64.5,52.5,46.7,47.3,44.6,47.7,55.3,66.7,71.6,73.5,74.4,72.6,63.3,53.7,52.9,51.3,56.0,62.1,63.9,64.5,425.3,427.2,429.3,430.3,429.3,424.6,415.2,399.3,390.6,392.3,401.9,409.8,412.8,410.5,406.0,402.1,399.9,391.7,385.0,378.2,372.0,366.7,362.9,365.2,366.6,369.4,373.5,364.4,361.0,357.3,353.9,369.8,366.2,363.0,363.1,363.6,387.9,383.3,380.6,378.4,380.3,383.5,373.1,371.5,371.6,373.6,371.4,371.3,389.5,374.3,366.8,364.5,363.4,368.7,377.9,370.7,366.9,368.5,371.1,378.4,386.6,369.0,366.3,365.2,376.5,367.9,369.2,371.9
0,0,0.975,-9.1,27.5,373.5,0.068,0.072,-0.136,-90.0,-86.4,-80.2,-73.3,-64.2,-50.4,-33.5,-13.7,4.9,21.6,36.9,50.0,60.1,64.3,64.5,63.7,61.2,-77.1,-67.6,-55.5,-43.4,-32.0,-4.1,7.8,19.0,31.1,42.1,-15.8,-14.2,-12.7,-11.1,-22.2,-15.6,-9.1,-2.5,3.4,-59.9,-52.4,-41.9,-32.9,-41.3,-51.6,4.0,10.6,20.6,29.4,23.0,13.3,-30.0,-23.1,-14.1,-7.7,-1.6,9.4,20.2,13.1,3.9,-3.2,-10.3,-20.6,-25.1,-12.9,-6.6,-0.2,15.5,1.3,-5.3,-12.0,-7.6,14.2,36.1,57.2,77.3,94.2,106.3,111.7,110.3,105.9,97.4,84.1,66.8,45.9,23.1,-0.4,-23.6,-18.6,-26.6,-28.6,-28.0,-26.0,-30.1,-36.2,-39.5,-40.5,-36.2,-13.4,-1.6,9.9,21.7,32.9,34.0,34.7,31.9,29.0,-5.8,-12.3,-13.4,-7.7,-4.2,-3.1,-13.6,-21.5,-23.0,-19.3,-14.4,-12.7,66.0,53.8,47.4,48.1,45.4,48.9,56.7,68.7,73.9,75.8,76.7,74.7,64.7,55.5,54.6,53.2,57.5,62.8,64.4,65.1,419.2,422.2,425.5,427.0,425.5,420.5,411.3,396.7,389.1,391.1,400.1,407.6,410.3,407.9,403.0,398.0,394.6,387.3,380.8,374.4,368.6,363.8,360.2,362.4,363.9,366.3,369.8,361.2,357.6,353.8,350.2,365.9,362.9,360.2,360.4,361.0,384.4,379.9,377.1,375.0,377.0,380.3,370.1,368.3,368.5,370.6,368.5,368.5,384.0,369.0,362.1,360.1,359.0,363.5,372.3,366.9,364.6,366.2,368.4,374.4,380.9,365.5,363.0,361.8,371.0,364.5,365.8,368.1
0,0,0.975,-9.7,29.0,371.4,0.103,0.084,-0.142,-89.8,-86.3,-79.9,-72.7,-63.5,-49.9,-33.5,-13.8,4.8,21.7,37.0,49.8,58.9,62.5,62.6,61.6,59.2,-77.4,-68.0,-56.1,-44.0,-32.7,-5.0,6.6,17.7,29.5,40.3,-16.9,-15.4,-14.0,-12.6,-22.2,-16.0,-10.0,-3.8,2.0,-60.1,-52.8,-42.2,-33.4,-41.5,-51.9,3.3,9.5,19.5,28.0,22.1,12.4,-29.2,-22.6,-14.1,-8.0,-2.3,8.4,18.9,12.1,3.2,-3.5,-10.3,-20.2,-24.4,-13.0,-7.0,-1.0,14.4,0.5,-5.7,-12.0,-7.2,14.7,36.5,57.6,77.8,95.0,107.8,114.1,113.0,108.5,99.1,84.7,66.6,45.4,22.7,-0.7,-23.9,-17.9,-26.0,-27.9,-27.3,-25.3,-29.2,-35.5,-38.9,-39.8,-35.7,-12.8,-1.2,10.3,22.1,34.4,35.5,36.2,33.5,30.7,-5.0,-11.8,-12.9,-7.0,-3.2,-2.0,-12.6,-20.6,-22.2,-18.2,-12.9,-11.3,68.1,56.9,51.1,51.9,49.4,52.5,59.4,71.4,76.5,78.2,79.0,76.7,66.8,58.9,58.1,56.8,60.2,65.7,67.2,67.6,415.1,418.7,422.3,424.0,421.9,417.3,409.7,396.4,388.8,390.0,397.5,403.1,404.4,401.2,396.2,390.5,386.4,383.4,376.5,369.8,363.7,359.2,354.9,356.1,357.4,359.3,362.9,356.8,353.5,349.9,346.5,363.2,360.4,358.0,357.9,358.3,381.0,376.3,373.3,371.5,373.7,377.3,365.4,362.9,362.6,365.0,363.2,363.5,382.0,367.7,361.2,359.4,358.1,361.7,369.2,365.5,364.7,366.5,368.7,373.6,378.6,364.4,362.1,360.7,368.0,364.1,365.4,367.5
0,0,0.975,-9.5,29.9,368.3,0.112,0.074,-0.143,-89.2,-86.0,-79.9,-72.8,-63.7,-50.2,-33.7,-13.8,5.1,22.3,37.6,50.2,59.2,62.7,62.8,61.4,58.7,-76.6,-67.6,-55.7,-43.7,-32.4,-5.1,6.1,17.1,28.8,39.5,-16.9,-15.3,-13.7,-12.3,-21.4,-15.5,-9.6,-3.6,2.0,-59.5,-52.5,-41.9,-33.1,-41.1,-51.4,3.0,9.4,19.3,27.7,21.9,12.3,-28.7,-21.7,-13.6,-7.5,-1.6,8.6,18.9,11.7,3.0,-3.8,-10.4,-19.7,-23.9,-12.6,-6.5,-0.4,14.3,0.4,-5.8,-12.1,-5.4,15.6,36.3,56.8,76.8,94.4,108.0,115.2,114.4,110.0,100.2,85.2,66.7,45.2,22.5,-0.7,-23.5,-16.5,-24.4,-26.2,-25.4,-23.4,-27.2,-33.7,-37.3,-38.3,-34.3,-11.6,0.1,11.7,23.5,36.0,37.2,37.8,35.2,32.4,-4.4,-11.1,-12.2,-6.4,-2.5,-1.2,-11.7,-19.6,-21.1,-17.1,-11.8,-10.3,68.4,58.9,53.7,54.6,52.1,54.8,60.5,70.8,75.1,76.6,77.2,75.3,67.3,61.2,60.6,59.3,61.2,64.7,66.1,66.4,413.2,416.7,420.2,422.0,419.6,415.2,407.8,395.0,387.8,389.6,398.0,404.2,405.9,403.0,397.9,391.2,386.3,380.6,373.0,366.1,359.8,355.4,351.1,352.1,354.0,356.5,360.7,352.9,348.9,344.6,340.5,359.6,356.7,354.3,354.3,355.0,378.0,373.1,370.2,368.6,370.7,374.2,362.7,360.2,360.0,362.7,360.8,361.0,378.2,364.0,358.3,356.9,355.5,359.0,366.5,362.1,361.2,362.6,364.6,369.2,374.4,361.5,359.6,358.4,364.9,360.4,361.5,363.4
0,0,0.975,-9.1,30.9,367.4,0.12,0.071,-0.144,-88.6,-85.6,-79.6,-72.4,-62.8,-48.9,-32.5,-13.1,5.4,22.3,37.7,50.3,59.4,63.1,63.3,61.6,58.7,-75.9,-67.0,-55.0,-43.0,-31.8,-4.5,6.5,17.4,29.0,39.6,-16.4,-14.8,-13.2,-11.8,-20.7,-14.9,-9.1,-3.2,2.4,-58.9,-51.9,-41.4,-32.6,-40.5,-50.8,3.4,9.8,19.6,27.8,22.1,12.7,-28.0,-20.7,-12.7,-6.7,-0.9,9.1,19.2,11.7,3.2,-3.5,-10.1,-19.0,-23.3,-11.8,-5.8,0.3,14.7,0.7,-5.5,-11.7,-4.9,16.2,37.3,58.0,78.3,95.8,109.2,116.4,115.7,111.3,101.3,86.1,67.4,45.9,23.0,-0.1,-22.7,-15.5,-23.1,-24.9,-23.8,-21.7,-25.6,-32.0,-35.8,-36.9,-33.1,-10.5,1.2,12.9,24.7,37.3,38.5,39.1,36.5,33.7,-3.7,-10.3,-11.4,-5.7,-1.8,-0.5,-10.7,-18.6,-20.0,-16.1,-10.8,-9.4,69.1,60.5,55.7,56.6,54.1,56.6,61.6,70.9,74.8,76.3,76.7,75.0,68.1,63.0,62.5,61.2,62.3,64.5,65.9,66.2,412.4,416.3,420.3,422.3,419.4,414.5,407.0,394.7,388.0,390.1,398.7,405.0,406.6,403.7,398.4,391.0,385.6,379.5,371.5,364.5,358.3,354.0,349.6,350.4,352.5,355.1,359.7,351.3,346.9,342.3,338.0,358.1,355.1,352.5,352.7,353.7,376.5,371.5,368.6,367.2,369.1,372.6,361.4,358.8,358.6,361.4,359.5,359.8,377.2,363.2,357.8,356.5,355.3,358.8,366.1,361.3,360.4,361.6,363.5,367.9,373.0,361.0,359.2,358.3,364.2,359.5,360.3,362.1
0,0,0.975,-9.0,31.4,368.5,0.123,0.07,-0.142,-88.6,-85.6,-79.6,-72.6,-63.2,-49.6,-33.3,-13.7,5.0,22.2,37.7,50.5,59.6,63.3,63.5,62.0,59.3,-75.8,-66.7,-54.7,-42.7,-31.6,-4.4,6.7,17.7,29.3,40.0,-16.3,-14.7,-13.2,-11.7,-20.9,-15.0,-9.1,-3.1,2.5,-58.9,-51.8,-41.3,-32.5,-40.5,-50.8,3.6,10.0,19.8,28.1,22.3,12.8,-28.2,-20.9,-12.9,-6.8,-0.8,9.3,19.4,11.9,3.3,-3.6,-10.2,-19.2,-23.5,-12.0,-5.9,0.4,14.9,0.9,-5.5,-11.8,-4.0,16.9,37.8,58.3,78.6,96.2,109.9,117.4,116.6,112.0,101.6,86.2,67.4,45.8,23.1,0.3,-22.2,-15.0,-22.4,-24.1,-23.1,-21.0,-24.8,-31.2,-35.0,-36.1,-32.4,-9.6,2.0,13.5,25.3,37.9,39.0,39.6,37.1,34.3,-3.0,-9.7,-10.7,-4.9,-1.1,0.2,-10.0,-17.9,-19.4,-15.5,-10.2,-8.7,69.8,60.9,55.9,56.8,54.3,56.8,62.1,71.4,75.3,76.9,77.3,75.7,68.8,63.3,62.8,61.4,62.8,65.2,66.7,66.9,413.4,417.2,421.0,423.0,420.6,416.2,409.2,396.8,389.6,391.3,399.5,405.7,407.3,404.2,399.1,392.1,387.0,380.0,372.0,365.0,358.9,354.8,350.4,351.3,353.4,356.1,360.8,352.1,348.0,343.6,339.4,359.4,356.4,353.9,353.9,354.8,377.5,372.3,369.4,368.1,370.0,373.5,362.3,359.7,359.5,362.4,360.5,360.7,378.7,364.4,358.9,357.6,356.3,360.0,367.6,362.7,361.6,362.8,364.8,369.4,374.6,362.1,360.2,359.2,365.8,360.7,361.6,363.4
0,0,0.975,-9.4,31.3,371.0,0.125,0.072,-0.135,-89.5,-86.3,-80.4,-73.7,-65.0,-51.8,-35.2,-15.0,4.4,22.0,37.8,50.5,59.7,63.4,63.6,62.5,60.2,-76.3,-67.0,-55.0,-43.0,-31.7,-4.6,6.7,17.8,29.6,40.5,-16.5,-14.8,-13.4,-12.0,-21.7,-15.5,-9.5,-3.3,2.4,-59.3,-52.1,-41.7,-32.9,-40.9,-51.1,3.6,10.0,19.8,28.2,22.3,12.8,-29.1,-22.1,-14.0,-7.6,-1.4,9.0,19.1,11.9,3.1,-4.1,-11.0,-20.2,-24.3,-13.1,-6.7,-0.2,14.5,0.6,-6.0,-12.6,-3.9,16.7,37.0,57.0,77.0,94.7,108.5,115.8,115.1,110.6,100.9,86.3,67.9,46.7,24.3,1.6,-20.8,-15.2,-22.6,-24.2,-23.1,-20.9,-24.6,-31.0,-34.6,-35.7,-32.0,-9.4,2.2,13.7,25.4,37.5,38.8,39.4,36.8,34.0,-3.1,-9.7,-10.8,-5.0,-1.2,-0.1,-9.8,-17.6,-19.1,-15.2,-10.0,-8.5,70.0,60.2,55.0,55.9,53.4,56.2,62.5,71.8,75.8,77.4,77.9,76.2,68.9,62.4,61.9,60.5,63.1,65.7,67.1,67.4,416.6,419.9,423.4,425.2,423.3,419.0,411.4,398.0,390.4,392.4,401.3,408.0,410.0,407.1,401.5,394.7,389.9,382.5,374.5,367.3,360.8,356.3,352.2,353.4,355.4,358.3,363.0,354.2,350.7,346.8,343.2,362.6,359.6,357.0,356.8,357.5,380.0,375.0,372.1,370.7,372.7,376.1,364.6,362.0,361.9,364.8,362.9,363.0,381.3,366.7,361.2,359.6,358.3,362.0,369.9,365.3,364.1,365.6,367.7,372.4,377.4,364.4,362.3,361.1,368.2,363.3,364.4,366.4
0,0,0.975,-9.6,31.3,373.2,0.127,0.072,-0.133,-90.1,-86.8,-81.0,-74.5,-66.1,-53.2,-36.4,-15.8,3.9,21.7,37.9,50.9,60.2,63.9,63.9,62.9,60.6,-76.8,-67.5,-55.4,-43.4,-32.1,-4.7,6.8,18.0,29.8,40.8,-16.6,-15.0,-13.5,-12.1,-22.1,-15.8,-9.6,-3.3,2.5,-59.7,-52.6,-42.0,-33.1,-41.2,-51.5,3.7,10.1,20.0,28.5,22.5,13.0,-29.9,-22.8,-14.6,-7.9,-1.3,9.2,19.5,12.1,3.1,-4.4,-11.7,-20.9,-25.1,-13.7,-7.0,-0.2,14.8,0.6,-6.4,-13.3,-3.7,16.9,36.9,56.6,76.1,93.7,107.3,114.5,113.7,109.4,100.3,86.2,68.1,46.8,24.3,1.6,-20.9,-15.2,-22.6,-24.1,-23.0,-20.9,-24.5,-30.8,-34.4,-35.4,-31.6,-9.0,2.6,14.1,25.8,37.7,39.0,39.7,37.0,34.2,-3.0,-9.7,-10.7,-4.7,-1.0,0.1,-9.4,-17.4,-18.8,-14.9,-9.7,-8.2,70.1,60.1,54.9,55.8,53.3,56.1,62.5,71.4,75.3,76.9,77.4,75.9,68.9,62.3,61.8,60.4,63.0,65.3,66.8,67.1,419.2,422.2,425.3,427.0,425.4,421.2,413.2,399.2,391.4,393.6,403.3,410.5,412.8,409.8,404.0,397.1,392.2,384.8,376.7,369.5,362.9,358.2,353.9,355.1,357.0,359.8,364.6,356.4,353.2,349.6,346.2,365.4,362.4,359.8,359.5,360.0,382.4,377.3,374.4,373.1,375.1,378.6,366.6,364.0,363.9,366.8,364.9,365.1,384.0,369.2,363.7,361.9,360.4,364.4,372.3,367.2,365.6,367.1,369.5,374.6,380.0,366.7,364.4,363.1,370.5,365.0,366.2,368.5
0,0,0.975,-9.6,31.6,374.5,0.127,0.068,-0.134,-90.4,-87.1,-81.3,-74.8,-66.4,-53.2,-36.2,-15.6,4.1,21.7,37.8,50.8,60.3,64.2,64.2,63.1,60.8,-77.1,-67.7,-55.6,-43.5,-32.0,-4.8,6.9,18.2,30.1,41.2,-16.6,-14.9,-13.3,-11.8,-22.2,-15.7,-9.4,-3.1,2.8,-59.9,-52.7,-42.2,-33.2,-41.3,-51.6,3.6,10.0,19.9,28.5,22.4,12.9,-30.3,-23.1,-14.8,-7.8,-1.0,9.7,20.0,12.6,3.5,-4.3,-11.8,-21.2,-25.4,-13.9,-6.9,0.2,15.3,1.0,-6.3,-13.4,-3.3,17.2,37.3,57.1,76.6,93.9,107.1,114.0,113.2,109.0,100.1,86.2,68.4,47.3,24.8,2.0,-20.5,-14.6,-21.9,-23.5,-22.5,-20.3,-24.0,-30.4,-34.0,-35.0,-31.2,-8.4,3.2,14.7,26.5,38.2,39.4,40.1,37.5,34.6,-2.4,-9.0,-10.0,-4.1,-0.5,0.6,-9.0,-16.9,-18.4,-14.6,-9.4,-7.9,70.5,60.3,55.0,55.8,53.2,56.1,62.7,71.6,75.7,77.4,78.0,76.4,69.3,62.6,62.0,60.5,63.2,65.3,66.9,67.2,420.1,423.3,426.9,428.9,427.3,422.7,414.1,399.9,392.3,394.9,404.9,412.4,414.9,412.0,405.9,399.0,394.1,386.0,377.8,370.7,364.0,359.2,355.1,356.5,358.6,361.5,366.5,357.7,354.6,351.2,348.0,366.9,364.0,361.3,361.1,361.5,383.4,378.3,375.5,374.2,376.1,379.6,367.9,365.4,365.4,368.3,366.4,366.6,385.3,370.4,364.8,362.9,361.5,365.6,373.7,368.7,366.9,368.4,370.8,376.1,381.4,368.0,365.7,364.4,372.0,366.1,367.4,369.7
0,0,0.975,-9.4,32.5,375.0,0.141,0.066,-0.139,-90.0,-86.7,-80.9,-74.4,-65.7,-52.4,-35.5,-15.3,4.1,21.7,37.6,50.8,60.5,64.4,64.5,63.3,60.7,-77.2,-67.6,-55.5,-43.3,-31.8,-4.7,6.9,18.2,30.3,41.2,-16.3,-14.6,-13.1,-11.5,-22.0,-15.5,-9.2,-2.8,3.0,-59.9,-52.6,-42.0,-33.1,-41.2,-51.6,3.7,10.0,20.0,28.6,22.5,13.0,-30.4,-23.1,-14.5,-7.5,-0.7,10.1,20.5,13.2,4.0,-3.8,-11.4,-21.1,-25.5,-13.5,-6.5,0.6,15.9,1.4,-5.9,-13.1,-2.3,18.4,38.8,58.7,78.1,95.1,108.0,115.0,114.2,109.8,100.2,85.9,67.7,46.6,24.2,1.6,-20.6,-13.6,-20.8,-22.4,-21.4,-19.2,-23.0,-29.4,-33.1,-34.1,-30.4,-7.4,4.2,15.7,27.4,39.2,40.3,41.0,38.4,35.5,-1.5,-8.0,-9.0,-3.0,0.5,1.6,-8.1,-16.0,-17.6,-13.8,-8.6,-7.0,71.2,61.1,55.7,56.6,53.9,56.7,63.1,72.8,77.3,79.0,79.6,77.8,70.1,63.5,62.9,61.4,63.8,66.7,68.3,68.6,419.2,422.8,426.8,429.2,428.0,423.8,415.6,401.9,394.3,396.6,406.0,412.9,414.9,411.9,405.8,399.0,394.0,385.7,377.4,370.2,363.6,358.9,354.9,356.2,358.3,361.3,366.2,357.6,354.6,351.2,348.1,367.0,364.0,361.5,361.3,361.8,383.1,377.8,374.9,373.8,375.7,379.2,367.7,365.0,364.9,367.9,366.0,366.2,386.5,371.5,365.3,363.4,362.0,366.3,374.7,370.1,368.4,369.9,372.3,377.7,382.7,368.9,366.5,365.2,373.2,367.2,368.4,370.8
0,0,0.975,-9.4,33.1,376.3,0.154,0.065,-0.138,-90.1,-86.8,-81.0,-74.6,-65.9,-52.4,-35.6,-15.4,3.8,21.3,37.3,50.5,60.3,64.4,64.5,63.2,60.6,-77.3,-67.7,-55.5,-43.3,-31.9,-4.6,6.9,18.1,30.0,41.0,-16.2,-14.6,-13.1,-11.6,-22.1,-15.6,-9.2,-2.8,3.1,-59.9,-52.5,-42.0,-33.1,-41.3,-51.6,3.8,10.0,20.0,28.6,22.6,13.0,-30.9,-23.4,-14.6,-7.5,-0.4,10.5,21.0,13.6,4.2,-3.9,-11.7,-21.5,-26.0,-13.8,-6.6,0.8,16.4,1.7,-5.8,-13.2,-2.0,18.8,39.1,59.0,78.5,95.6,108.6,115.7,114.9,110.5,100.8,86.4,68.2,47.1,24.6,2.0,-20.4,-13.1,-20.3,-21.8,-20.8,-18.6,-22.5,-28.9,-32.5,-33.6,-29.9,-6.7,4.8,16.3,28.0,39.6,40.8,41.6,38.9,36.1,-0.9,-7.4,-8.4,-2.4,1.1,2.2,-7.5,-15.5,-17.1,-13.3,-8.1,-6.4,71.7,61.7,56.4,57.3,54.6,57.3,63.5,73.7,78.4,80.2,80.8,78.7,70.7,63.9,63.3,61.7,64.3,68.2,69.9,70.2,419.4,423.1,427.1,429.7,428.6,424.6,416.8,403.4,395.7,397.7,406.7,413.4,415.1,412.0,406.0,399.2,394.3,385.9,377.6,370.4,363.9,359.3,355.6,356.6,358.4,361.2,366.1,358.1,355.2,352.0,349.1,368.1,365.1,362.5,362.3,362.6,383.3,378.0,375.2,374.3,376.1,379.5,368.0,365.2,365.1,368.2,366.4,366.6,388.6,373.6,367.3,365.4,364.0,368.5,376.8,372.4,370.6,372.1,374.6,380.0,385.0,370.6,368.2,366.9,375.3,369.5,370.8,373.1
0,0,0.975,-9.5,33.4,375.9,0.148,0.064,-0.139,-89.9,-86.5,-80.6,-74.0,-64.9,-51.2,-34.5,-15.0,3.5,20.4,36.0,49.3,59.4,63.9,64.3,63.1,60.5,-77.6,-67.9,-55.6,-43.3,-31.8,-4.6,6.9,18.2,30.3,41.3,-16.1,-14.5,-13.0,-11.5,-22.3,-15.8,-9.3,-2.8,3.1,-60.0,-52.5,-42.0,-33.0,-41.3,-51.7,3.6,10.0,19.9,28.6,22.5,12.9,-31.4,-23.6,-14.7,-7.5,-0.4,10.5,21.0,13.5,4.1,-4.0,-11.8,-21.9,-26.6,-13.9,-6.7,0.7,16.5,1.8,-5.8,-13.3,-1.8,19.7,40.8,61.3,80.9,97.5,109.8,116.1,115.2,110.9,101.5,87.3,69.2,47.9,25.1,2.0,-20.8,-12.7,-20.1,-21.6,-20.6,-18.4,-22.3,-28.6,-32.3,-33.4,-29.7,-6.6,4.9,16.4,28.2,39.7,40.9,41.6,38.9,36.1,-0.8,-7.2,-8.2,-2.1,1.3,2.3,-7.2,-15.4,-17.0,-13.2,-8.0,-6.3,71.6,61.7,56.5,57.3,54.6,57.3,63.3,73.9,78.8,80.6,81.2,79.0,70.7,63.6,63.1,61.5,64.2,68.6,70.3,70.7,419.0,422.7,426.8,429.5,428.2,424.2,416.1,402.8,395.2,397.3,406.3,413.0,414.7,411.7,405.9,399.4,394.7,386.3,377.8,370.6,363.8,358.9,355.2,356.4,358.4,361.4,366.6,357.8,354.7,351.2,348.1,367.2,363.9,361.3,361.2,361.7,383.0,377.7,374.9,373.8,375.6,379.0,367.5,365.0,364.9,367.9,365.9,366.1,388.7,373.8,367.1,365.1,363.8,368.5,376.9,372.4,370.4,371.9,374.4,380.1,385.1,370.2,367.8,366.6,375.5,369.4,370.7,373.2
0,0,0.975,-9.7,33.9,377.6,0.152,0.064,-0.137,-90.1,-86.7,-80.8,-74.3,-65.3,-51.6,-35.0,-15.5,3.0,19.9,35.5,48.8,58.9,63.6,64.1,63.0,60.5,-77.9,-68.2,-55.8,-43.5,-32.0,-4.6,6.9,18.2,30.3,41.4,-16.2,-14.6,-13.1,-11.6,-22.4,-15.9,-9.5,-2.9,3.0,-60.1,-52.6,-42.0,-33.1,-41.4,-51.9,3.7,10.0,20.0,28.6,22.6,13.0,-31.7,-23.8,-14.8,-7.7,-0.6,10.4,21.0,13.4,3.9,-4.2,-12.0,-22.2,-26.9,-14.0,-6.9,0.5,16.4,1.6,-6.0,-13.4,-1.5,20.0,41.0,61.5,81.1,97.9,110.5,117.0,116.1,111.7,102.1,87.8,69.6,48.2,25.5,2.4,-20.4,-12.5,-19.9,-21.4,-20.4,-18.2,-22.0,-28.4,-32.1,-33.3,-29.6,-6.2,5.3,16.8,28.6,40.2,41.4,42.2,39.5,36.6,-0.4,-7.0,-7.9,-1.7,1.8,2.8,-6.8,-15.1,-16.7,-12.8,-7.5,-5.8,72.1,62.3,57.0,57.9,55.2,57.8,63.9,74.7,79.6,81.4,82.0,79.8,71.2,64.2,63.7,62.1,64.7,69.5,71.2,71.5,419.8,423.5,427.5,430.2,429.0,425.2,417.9,404.9,397.0,398.7,407.0,413.4,414.8,411.7,406.1,399.8,395.2,387.3,378.9,371.7,365.1,360.4,356.9,357.9,359.6,362.5,367.4,359.3,356.4,353.2,350.3,369.1,365.9,363.3,363.2,363.5,384.2,378.8,376.1,375.0,376.9,380.2,368.8,366.2,366.1,369.0,367.2,367.3,390.7,375.9,369.2,367.2,365.8,370.4,378.7,374.4,372.4,374.0,376.5,382.2,387.2,372.2,369.8,368.5,377.4,371.4,372.7,375.2
0,0,0.975,-9.9,34.2,376.6,0.146,0.063,-0.135,-90.1,-86.7,-80.8,-74.2,-65.1,-51.6,-35.1,-15.9,2.5,19.2,34.8,48.1,58.3,63.1,63.7,62.7,60.3,-78.0,-68.3,-55.9,-43.6,-32.1,-4.8,6.6,17.9,29.9,41.0,-16.4,-14.8,-13.3,-11.9,-22.8,-16.3,-9.8,-3.2,2.8,-60.3,-52.8,-42.2,-33.4,-41.6,-52.1,3.4,9.7,19.7,28.3,22.3,12.7,-32.1,-24.1,-15.0,-8.0,-0.9,10.1,20.8,13.1,3.6,-4.5,-12.2,-22.5,-27.3,-14.2,-7.2,0.2,16.2,1.3,-6.2,-13.5,-1.2,20.4,41.7,62.3,82.0,98.6,110.9,117.2,116.2,112.0,102.7,88.7,70.7,49.4,26.7,3.7,-19.1,-12.2,-19.7,-21.2,-20.2,-17.9,-21.7,-28.0,-31.7,-32.9,-29.2,-6.1,5.5,17.1,28.8,40.3,41.6,42.3,39.6,36.7,-0.3,-6.9,-7.8,-1.6,1.7,2.7,-6.6,-14.9,-16.5,-12.5,-7.4,-5.7,72.2,62.4,57.2,58.0,55.4,58.0,64.0,74.9,79.9,81.8,82.3,80.1,71.3,64.2,63.7,62.2,64.9,69.9,71.6,71.9,419.4,423.0,426.9,429.5,428.3,424.5,416.9,403.7,395.8,397.5,406.1,412.8,414.4,411.4,405.9,399.8,395.5,386.6,378.3,371.1,364.3,359.5,356.1,357.3,359.1,362.1,367.1,358.3,355.2,351.8,348.7,367.8,364.4,361.6,361.6,362.1,383.5,378.1,375.3,374.2,376.0,379.4,368.1,365.6,365.4,368.4,366.4,366.6,390.0,375.0,368.0,366.0,364.8,369.5,378.0,373.6,371.4,373.0,375.4,381.3,386.5,371.0,368.6,367.4,376.8,370.6,371.8,374.3
0,0,0.975,-10.3,34.5,376.9,0.155,0.064,-0.135,-90.2,-86.9,-81.0,-74.6,-65.7,-52.3,-35.8,-16.5,1.8,18.6,34.1,47.5,57.8,62.6,63.3,62.3,59.8,-78.4,-68.6,-56.2,-43.9,-32.4,-5.2,6.3,17.6,29.7,40.8,-16.8,-15.2,-13.7,-12.2,-23.2,-16.7,-10.2,-3.6,2.4,-60.7,-53.2,-42.5,-33.7,-42.0,-52.5,3.0,9.3,19.3,27.9,21.9,12.3,-32.6,-24.6,-15.3,-8.4,-1.4,9.6,20.4,12.8,3.2,-4.8,-12.5,-22.9,-27.7,-14.6,-7.6,-0.3,15.9,0.8,-6.6,-14.0,-1.0,20.6,41.8,62.3,82.0,98.7,111.2,117.8,117.0,112.7,103.1,88.7,70.4,48.9,26.1,3.1,-19.6,-12.2,-19.6,-21.0,-20.0,-17.7,-21.5,-27.8,-31.5,-32.7,-29.0,-5.9,5.8,17.3,29.1,40.6,41.8,42.6,39.9,36.9,-0.3,-6.8,-7.7,-1.4,1.9,2.9,-6.4,-14.7,-16.3,-12.4,-7.2,-5.5,72.5,62.7,57.4,58.3,55.6,58.2,64.2,75.5,80.6,82.3,82.9,80.5,71.7,64.5,64.0,62.5,65.2,70.3,72.0,72.3,418.4,422.2,426.3,429.2,428.3,424.8,417.8,404.8,396.7,398.2,406.4,412.7,414.1,410.9,405.2,398.8,394.1,386.3,377.9,370.7,364.0,359.3,355.7,356.8,358.5,361.4,366.4,358.1,355.2,352.1,349.2,368.1,364.7,362.0,362.0,362.4,383.3,377.9,375.0,374.0,375.9,379.3,367.7,365.0,364.8,367.7,365.9,366.1,390.6,375.6,368.4,366.4,365.1,369.8,378.3,374.1,372.0,373.7,376.2,382.1,387.1,371.6,369.1,367.8,377.1,371.0,372.3,374.8
0,0,0.975,-10.8,34.7,378.3,0.141,0.065,-0.134,-91.2,-87.7,-81.8,-75.3,-66.5,-53.0,-36.5,-17.0,1.4,18.2,33.8,47.3,57.6,62.4,63.1,62.2,59.8,-79.3,-69.4,-56.9,-44.6,-33.1,-5.7,5.9,17.3,29.5,40.8,-17.3,-15.7,-14.3,-12.8,-23.8,-17.2,-10.7,-4.1,1.9,-61.5,-53.9,-43.2,-34.2,-42.6,-53.2,2.6,8.9,19.0,27.8,21.7,12.0,-33.3,-25.2,-16.0,-8.9,-1.8,9.3,20.1,12.2,2.6,-5.6,-13.4,-23.6,-28.4,-15.3,-8.1,-0.7,15.5,0.3,-7.3,-14.8,-0.7,20.9,42.1,62.6,82.2,98.8,111.1,117.4,116.3,112.2,103.0,89.2,71.4,50.2,27.4,4.3,-18.7,-12.0,-19.4,-20.8,-19.8,-17.6,-21.4,-27.8,-31.4,-32.7,-28.9,-5.7,6.0,17.6,29.5,41.1,42.3,43.1,40.4,37.4,0.3,-6.5,-7.4,-1.0,2.5,3.5,-6.1,-14.6,-16.3,-12.1,-6.8,-5.1,72.9,63.1,57.9,58.7,56.0,58.6,64.5,75.3,80.2,82.0,82.6,80.5,72.0,65.0,64.5,62.9,65.4,70.1,71.8,72.2,421.0,424.4,428.1,430.6,429.5,425.7,418.2,404.7,396.5,398.0,406.7,413.5,415.2,412.4,407.0,400.9,396.5,388.5,380.2,373.0,366.3,361.5,357.9,359.1,360.9,363.7,368.7,360.3,357.4,354.2,351.3,370.0,366.6,363.9,363.8,364.2,385.5,380.1,377.3,376.2,378.0,381.5,369.9,367.3,367.2,370.2,368.2,368.4,391.6,376.8,370.0,367.9,366.5,371.1,379.3,374.7,372.5,374.1,376.7,382.8,388.1,372.8,370.3,369.0,378.0,371.7,373.1,375.6
0,0,0.975,-11.2,34.3,377.2,0.146,0.066,-0.138,-91.8,-88.3,-82.4,-75.9,-66.9,-53.3,-36.5,-17.0,1.6,18.7,34.5,47.9,57.8,62.2,62.6,61.6,59.1,-79.5,-69.6,-57.2,-44.9,-33.4,-6.0,5.5,16.8,29.0,40.2,-17.6,-16.0,-14.6,-13.2,-24.2,-17.6,-11.1,-4.4,1.6,-61.7,-54.2,-43.5,-34.6,-42.9,-53.5,2.2,8.6,18.6,27.3,21.2,11.5,-33.8,-25.5,-16.4,-9.3,-2.2,8.8,19.6,11.5,1.9,-6.2,-14.0,-24.0,-29.0,-15.7,-8.6,-1.1,15.0,-0.3,-7.9,-15.3,-1.0,20.7,42.0,62.6,82.3,98.8,110.9,116.8,115.4,111.0,101.7,87.6,69.6,48.4,25.8,3.0,-19.8,-12.0,-19.3,-20.8,-19.8,-17.6,-21.4,-27.6,-31.3,-32.6,-28.9,-5.8,5.9,17.5,29.3,40.9,42.1,42.9,40.2,37.2,0.1,-6.5,-7.4,-1.1,2.3,3.3,-6.1,-14.5,-16.2,-12.2,-6.9,-5.2,72.4,62.9,57.8,58.7,56.0,58.4,64.0,74.1,78.7,80.5,81.1,79.2,71.5,64.8,64.3,62.7,64.9,69.0,70.7,71.1,421.8,425.2,428.8,431.2,430.0,426.1,418.0,404.0,395.6,397.4,406.4,413.1,414.8,411.9,406.4,400.2,396.0,388.1,379.5,372.2,365.3,360.2,356.6,357.9,359.8,362.8,367.9,359.1,356.1,352.6,349.5,368.8,365.4,362.6,362.5,362.9,384.7,379.2,376.3,375.2,377.0,380.4,368.9,366.3,366.2,369.2,367.2,367.4,390.7,375.8,369.0,366.9,365.6,370.2,378.5,373.3,370.9,372.4,375.1,381.4,387.1,371.7,369.2,368.0,377.1,370.3,371.6,374.1
0,0,0.975,-11.5,34.1,378.0,0.136,0.065,-0.138,-92.6,-89.0,-82.9,-76.4,-67.5,-53.8,-36.9,-17.3,1.4,18.6,34.5,47.9,57.8,62.1,62.4,61.4,59.0,-80.2,-70.1,-57.7,-45.3,-33.7,-6.4,5.2,16.5,28.7,40.1,-17.9,-16.3,-14.9,-13.4,-24.4,-17.8,-11.3,-4.7,1.4,-62.2,-54.7,-44.0,-35.0,-43.4,-54.0,1.9,8.4,18.4,27.2,21.0,11.3,-34.2,-25.8,-16.7,-9.6,-2.4,8.5,19.4,11.1,1.4,-6.7,-14.3,-24.3,-29.4,-16.0,-8.8,-1.4,14.8,-0.7,-8.3,-15.6,-1.4,20.4,41.8,62.5,82.2,98.6,110.5,116.1,114.6,110.3,101.2,87.4,69.6,48.5,26.1,3.2,-19.6,-12.0,-19.4,-20.9,-19.9,-17.7,-21.6,-27.9,-31.6,-32.9,-29.3,-6.0,5.8,17.4,29.3,40.9,42.1,42.9,40.2,37.2,0.2,-6.5,-7.5,-1.1,2.4,3.5,-6.3,-14.8,-16.4,-12.4,-7.0,-5.3,72.2,62.8,57.9,58.7,56.0,58.4,63.8,73.5,77.9,79.7,80.3,78.7,71.3,64.8,64.2,62.6,64.6,68.3,70.0,70.4,423.6,426.7,430.1,432.1,430.8,426.7,418.3,403.9,395.4,397.2,406.6,413.6,415.6,412.8,407.5,401.6,397.8,389.4,380.9,373.6,366.7,361.5,358.0,359.5,361.4,364.4,369.5,360.5,357.3,353.8,350.6,369.8,366.4,363.5,363.4,363.8,385.9,380.5,377.6,376.5,378.1,381.6,370.5,367.9,367.9,370.8,368.7,368.9,391.2,376.4,369.7,367.7,366.4,371.0,379.2,373.4,370.7,372.2,374.9,381.4,387.6,372.3,369.8,368.7,377.6,370.4,371.6,374.2
0,0,0.975,-11.7,34.0,378.6,0.132,0.059,-0.132,-92.8,-89.1,-83.2,-76.8,-68.3,-55.2,-38.6,-18.9,0.2,17.7,33.9,47.6,57.7,62.1,62.5,61.5,59.3,-80.4,-70.4,-58.0,-45.6,-34.0,-6.6,5.0,16.5,28.7,40.0,-18.2,-16.5,-15.0,-13.5,-24.5,-17.9,-11.4,-4.8,1.2,-62.6,-55.1,-44.3,-35.3,-43.7,-54.2,1.7,8.1,18.2,27.0,20.8,11.1,-34.4,-25.9,-16.8,-9.7,-2.6,8.4,19.5,11.1,1.3,-6.7,-14.4,-24.4,-29.5,-16.1,-9.0,-1.5,14.8,-0.9,-8.4,-15.8,-0.8,20.5,41.3,61.4,80.6,97.0,109.0,115.1,114.1,110.2,101.7,88.3,70.7,49.6,27.2,4.3,-18.5,-12.2,-19.5,-21.0,-20.0,-17.7,-21.6,-28.1,-31.8,-33.1,-29.4,-6.0,5.7,17.4,29.3,40.9,42.2,42.9,40.2,37.2,0.1,-6.7,-7.6,-1.3,2.2,3.3,-6.4,-14.9,-16.6,-12.5,-7.2,-5.5,72.2,62.8,57.8,58.6,56.0,58.4,63.9,73.4,77.7,79.5,80.1,78.4,71.3,64.8,64.2,62.7,64.7,68.1,69.7,70.1,423.9,426.6,429.6,431.7,430.6,426.7,418.5,404.0,395.4,397.3,407.5,415.4,417.9,415.2,410.0,404.1,400.2,390.0,381.6,374.2,367.1,361.9,358.4,360.0,362.2,365.6,371.0,361.1,358.0,354.5,351.3,370.6,367.2,364.3,364.1,364.6,386.9,381.5,378.6,377.6,379.2,382.6,371.5,369.1,369.0,372.1,369.9,370.1,391.7,376.8,370.1,368.1,366.7,371.5,379.9,373.9,371.1,372.7,375.3,381.9,388.0,372.8,370.3,369.1,378.3,370.7,372.0,374.5
0,0,0.975,-11.8,34.0,379.6,0.131,0.064,-0.137,-93.4,-89.7,-83.7,-77.2,-68.2,-54.5,-37.6,-17.8,1.0,18.2,34.2,47.7,57.6,61.8,62.2,61.2,58.9,-80.8,-70.8,-58.2,-45.8,-34.1,-6.7,5.0,16.3,28.6,39.9,-18.3,-16.7,-15.2,-13.8,-24.8,-18.2,-11.6,-5.0,1.1,-62.7,-55.2,-44.4,-35.5,-43.8,-54.5,1.7,8.0,18.2,27.0,20.8,11.1,-34.5,-26.0,-17.0,-9.9,-2.7,8.2,19.3,10.8,1.1,-7.0,-14.6,-24.6,-29.7,-16.2,-9.1,-1.6,14.6,-1.1,-8.6,-15.9,-1.5,20.3,41.6,62.4,81.9,98.4,110.2,115.6,114.0,109.7,100.7,87.2,69.6,48.8,26.5,3.7,-19.1,-12.0,-19.5,-21.1,-20.1,-17.9,-21.8,-28.2,-31.9,-33.3,-29.5,-6.1,5.7,17.4,29.3,41.1,42.3,43.0,40.3,37.3,0.2,-6.6,-7.6,-1.1,2.5,3.5,-6.4,-15.0,-16.8,-12.6,-7.2,-5.5,72.5,63.0,58.0,58.8,56.1,58.4,63.8,73.1,77.3,79.1,79.8,78.4,71.5,65.0,64.4,62.7,64.6,67.7,69.5,69.9,425.3,428.3,431.6,433.5,432.2,427.9,419.5,404.9,396.1,397.9,407.3,414.7,416.8,414.1,409.0,403.1,399.4,391.0,382.6,375.3,368.5,363.5,360.0,361.4,363.2,366.2,371.2,362.4,359.4,356.0,352.9,371.9,368.4,365.6,365.4,365.8,387.6,382.2,379.4,378.3,379.9,383.4,372.3,369.8,369.7,372.7,370.6,370.7,392.7,378.0,371.4,369.4,368.1,372.6,380.8,374.7,371.8,373.3,376.0,382.6,389.0,373.9,371.5,370.3,379.1,371.5,372.7,375.3
0,0,0.975,-12.0,33.8,379.3,0.125,0.066,-0.138,-93.5,-89.9,-83.8,-77.3,-68.3,-54.5,-37.6,-17.8,1.0,18.2,34.3,47.8,57.6,61.8,62.1,61.1,58.8,-81.0,-71.0,-58.5,-46.1,-34.4,-6.9,4.8,16.2,28.4,39.8,-18.5,-16.9,-15.4,-13.9,-25.0,-18.3,-11.8,-5.1,0.9,-63.0,-55.5,-44.7,-35.7,-44.1,-54.7,1.5,7.9,18.1,26.9,20.7,10.9,-34.7,-26.2,-17.2,-10.1,-3.0,8.0,19.1,10.5,0.8,-7.2,-14.8,-24.7,-29.8,-16.4,-9.2,-1.8,14.4,-1.4,-8.9,-16.2,-1.1,20.5,41.7,62.3,81.7,98.1,109.8,115.3,113.6,109.3,100.4,87.0,69.5,48.7,26.5,3.8,-18.9,-12.2,-19.6,-21.2,-20.2,-18.0,-21.8,-28.3,-32.0,-33.3,-29.5,-6.2,5.6,17.3,29.2,40.9,42.1,42.8,40.1,37.1,0.0,-6.8,-7.7,-1.3,2.3,3.4,-6.5,-15.1,-16.8,-12.6,-7.3,-5.6,72.2,62.8,57.8,58.6,55.8,58.2,63.6,72.7,76.9,78.7,79.4,78.0,71.3,64.9,64.3,62.6,64.4,67.2,68.9,69.4,426.0,428.9,432.1,433.9,432.2,427.6,418.8,404.0,395.4,397.3,407.0,414.5,416.8,414.2,409.0,403.2,399.4,391.3,382.9,375.5,368.6,363.6,359.9,361.4,363.3,366.3,371.4,362.4,359.2,355.6,352.3,371.5,368.1,365.2,365.1,365.5,387.9,382.5,379.6,378.5,380.1,383.6,372.4,369.9,369.9,372.9,370.7,370.9,392.2,377.3,370.8,368.8,367.5,372.0,380.3,374.0,371.1,372.5,375.1,381.8,388.5,373.4,371.0,369.8,378.6,370.8,372.0,374.5
0,0,0.975,-12.2,33.4,378.5,0.125,0.064,-0.134,-93.4,-89.7,-83.7,-77.3,-68.6,-55.3,-38.7,-19.1,-0.1,17.4,33.8,47.5,57.5,61.8,62.0,61.0,58.8,-80.9,-71.0,-58.5,-46.1,-34.4,-7.1,4.6,16.0,28.2,39.5,-18.6,-17.0,-15.6,-14.1,-25.2,-18.5,-12.0,-5.3,0.7,-63.0,-55.5,-44.8,-35.8,-44.1,-54.7,1.3,7.8,17.8,26.6,20.4,10.7,-34.8,-26.3,-17.4,-10.3,-3.2,7.7,18.7,10.2,0.5,-7.5,-15.1,-24.9,-30.0,-16.6,-9.5,-2.1,14.1,-1.7,-9.2,-16.4,-1.2,20.4,41.4,61.7,80.9,97.1,108.7,114.2,112.9,109.0,100.6,87.4,69.8,48.7,26.3,3.5,-19.2,-12.5,-19.9,-21.5,-20.4,-18.2,-22.0,-28.3,-32.0,-33.3,-29.5,-6.5,5.3,17.0,28.9,40.5,41.7,42.5,39.7,36.8,-0.4,-7.1,-8.0,-1.8,1.7,2.8,-6.7,-15.1,-16.7,-12.7,-7.5,-5.8,71.7,62.4,57.4,58.2,55.6,58.0,63.4,72.3,76.3,78.0,78.6,77.3,70.8,64.4,63.9,62.3,64.2,66.7,68.3,68.7,425.6,428.1,431.1,432.9,431.6,427.1,418.2,403.3,394.8,397.1,407.6,415.7,418.3,415.6,410.2,404.2,400.4,391.2,382.6,375.1,368.0,362.4,358.8,360.4,362.6,365.8,371.1,361.5,358.2,354.4,351.0,370.5,367.0,364.0,364.0,364.5,387.6,382.1,379.2,378.0,379.7,383.1,371.7,369.3,369.2,372.2,370.0,370.2,391.4,376.5,369.9,367.8,366.5,371.2,379.6,373.1,370.0,371.5,374.2,381.0,387.6,372.5,370.1,368.9,377.9,369.8,371.0,373.6
0,0,0.975,-12.4,33.3,379.9,0.119,0.068,-0.135,-93.8,-90.2,-84.2,-77.7,-68.9,-55.2,-38.3,-18.4,0.4,17.5,33.6,47.3,57.3,61.6,62.0,61.0,58.7,-81.5,-71.3,-58.8,-46.6,-34.9,-7.2,4.6,15.9,28.2,39.7,-18.9,-17.3,-15.9,-14.4,-25.5,-18.8,-12.2,-5.6,0.5,-63.5,-56.0,-45.1,-36.1,-44.5,-55.2,1.2,7.6,17.8,26.7,20.5,10.7,-35.1,-26.5,-17.6,-10.5,-3.6,7.4,18.7,9.8,0.1,-7.8,-15.3,-25.1,-30.2,-16.8,-9.7,-2.4,13.9,-2.1,-9.5,-16.7,-1.7,19.9,41.0,61.6,81.0,97.4,109.2,114.6,113.0,108.8,100.3,87.1,69.8,48.9,26.5,3.5,-19.4,-12.8,-20.2,-21.7,-20.7,-18.6,-22.4,-28.7,-32.4,-33.7,-29.9,-6.6,5.1,16.9,28.8,40.6,41.8,42.5,39.8,36.8,-0.4,-7.2,-8.1,-1.6,2.0,3.1,-6.8,-15.5,-17.1,-12.9,-7.5,-5.8,71.9,62.5,57.5,58.2,55.5,57.9,63.3,72.0,75.9,77.6,78.4,77.2,70.9,64.6,63.9,62.3,64.0,66.4,68.0,68.4,427.0,429.7,432.6,434.3,432.8,428.3,419.6,404.6,395.7,397.6,407.4,415.2,417.7,415.1,410.0,404.0,400.3,392.4,384.0,376.8,370.0,364.9,360.9,362.5,364.4,367.2,372.2,363.5,360.3,356.7,353.4,372.4,369.0,366.1,365.9,366.3,389.2,383.9,380.9,379.7,381.3,384.9,373.4,371.0,370.9,373.8,371.6,371.8,392.9,378.0,371.5,369.5,368.1,372.6,380.9,374.1,370.9,372.4,375.1,382.1,389.1,374.0,371.5,370.2,379.0,370.8,372.1,374.7
0,0,0.975,-12.5,33.0,380.3,0.117,0.072,-0.139,-94.1,-90.4,-84.3,-77.7,-68.7,-54.9,-38.0,-18.1,0.7,17.9,34.0,47.6,57.6,61.7,61.9,60.8,58.3,-81.7,-71.5,-59.1,-46.9,-35.3,-7.5,4.3,15.7,27.9,39.4,-19.2,-17.6,-16.2,-14.7,-25.7,-19.0,-12.4,-5.7,0.4,-63.8,-56.3,-45.4,-36.3,-44.8,-55.5,1.0,7.5,17.7,26.6,20.4,10.6,-35.1,-26.6,-17.7,-10.6,-3.6,7.4,18.7,9.9,0.1,-7.8,-15.4,-25.1,-30.2,-16.9,-9.8,-2.4,13.9,-2.1,-9.5,-16.8,-1.9,19.7,40.9,61.5,80.9,97.3,109.0,114.3,112.5,108.4,99.9,86.7,69.3,48.3,25.8,2.8,-20.1,-13.2,-20.5,-22.0,-21.1,-19.0,-22.8,-29.1,-32.7,-34.0,-30.2,-7.0,4.8,16.6,28.5,40.4,41.6,42.3,39.5,36.5,-0.5,-7.4,-8.4,-1.8,1.8,3.0,-7.1,-15.7,-17.4,-13.2,-7.8,-6.0,71.7,62.2,57.2,57.9,55.2,57.6,62.9,71.5,75.4,77.1,77.8,76.8,70.6,64.4,63.7,62.0,63.6,65.8,67.4,67.8,427.8,430.5,433.4,434.9,433.2,428.5,419.6,404.7,395.9,397.8,407.6,415.4,417.8,415.0,409.7,403.7,399.8,393.0,384.7,377.5,370.9,365.9,361.7,363.2,364.9,367.5,372.1,364.3,361.0,357.4,354.1,372.9,369.5,366.7,366.5,366.9,389.9,384.6,381.6,380.3,382.0,385.6,373.9,371.4,371.3,374.2,372.0,372.2,393.1,378.2,371.8,369.7,368.3,372.8,380.9,374.1,370.9,372.4,375.2,382.2,389.4,374.2,371.8,370.4,379.0,370.8,372.1,374.8
0,0,0.975,-12.6,32.6,379.6,0.11,0.074,-0.141,-94.3,-90.5,-84.3,-77.6,-68.5,-54.7,-37.8,-18.0,0.7,17.9,34.2,47.9,57.8,61.9,62.0,60.8,58.3,-82.0,-71.9,-59.4,-47.1,-35.5,-7.8,4.0,15.5,27.9,39.4,-19.4,-17.9,-16.4,-14.9,-25.9,-19.1,-12.6,-5.9,0.2,-64.0,-56.6,-45.7,-36.6,-45.0,-55.8,0.8,7.2,17.5,26.4,20.1,10.3,-35.0,-26.6,-17.8,-10.7,-3.8,7.2,18.6,9.7,-0.1,-7.9,-15.4,-25.0,-30.2,-16.9,-9.9,-2.6,13.8,-2.3,-9.6,-16.8,-1.9,19.8,41.1,61.7,81.0,97.1,108.4,113.5,111.7,107.5,99.2,86.2,69.0,48.1,25.8,2.9,-19.9,-13.3,-20.8,-22.3,-21.3,-19.1,-22.9,-29.3,-33.0,-34.3,-30.4,-7.2,4.5,16.2,28.0,40.0,41.2,41.8,39.0,36.0,-0.8,-7.7,-8.6,-2.1,1.6,2.7,-7.4,-16.1,-17.7,-13.5,-8.1,-6.4,71.3,61.8,56.7,57.4,54.7,57.1,62.4,70.9,74.7,76.4,77.2,76.3,70.3,63.9,63.2,61.5,63.1,65.1,66.7,67.2,428.4,431.0,433.8,435.2,433.3,428.2,418.9,403.6,394.6,396.5,406.5,414.5,417.2,414.5,409.4,403.6,399.9,393.2,384.8,377.5,370.7,365.6,361.3,362.9,364.7,367.6,372.5,364.0,360.6,356.7,353.2,372.2,368.8,365.8,365.7,366.1,390.0,384.6,381.6,380.3,381.9,385.6,373.8,371.4,371.3,374.1,371.9,372.1,392.4,377.3,370.8,368.7,367.3,371.9,380.2,373.1,369.8,371.3,374.1,381.2,388.5,373.2,370.8,369.5,378.3,369.8,371.0,373.7
0,0,0.975,-12.9,32.5,380.4,0.11,0.08,-0.142,-94.5,-90.7,-84.5,-77.8,-68.7,-55.0,-38.2,-18.4,0.4,17.8,34.3,48.1,57.9,61.8,61.7,60.4,57.9,-82.3,-72.1,-59.7,-47.5,-35.9,-8.1,3.7,15.1,27.4,38.9,-19.9,-18.3,-16.9,-15.4,-26.2,-19.5,-12.9,-6.3,-0.1,-64.4,-56.9,-46.0,-36.9,-45.3,-56.1,0.6,7.0,17.2,26.1,19.9,10.1,-35.3,-26.9,-18.1,-11.1,-4.1,7.0,18.5,9.5,-0.3,-8.2,-15.7,-25.3,-30.4,-17.3,-10.2,-2.9,13.6,-2.5,-9.9,-17.1,-1.8,19.9,41.0,61.5,80.7,96.8,108.3,113.5,111.7,107.5,99.1,86.0,68.6,47.7,25.3,2.4,-20.4,-13.7,-21.1,-22.6,-21.6,-19.5,-23.3,-29.7,-33.4,-34.6,-30.6,-7.5,4.3,16.0,27.9,39.9,41.1,41.8,39.0,36.0,-0.9,-7.9,-8.9,-2.2,1.5,2.6,-7.6,-16.3,-18.0,-13.7,-8.2,-6.5,71.3,61.7,56.7,57.4,54.6,56.9,62.3,70.7,74.5,76.2,77.0,76.1,70.2,63.9,63.2,61.5,63.0,65.0,66.6,67.1,429.3,431.8,434.3,435.6,433.7,428.7,419.5,404.2,395.1,396.9,406.7,414.5,416.9,414.1,408.9,403.0,399.3,394.1,385.8,378.5,371.8,366.7,362.1,363.5,365.1,367.6,372.1,364.9,361.7,357.9,354.6,373.3,369.9,367.0,366.7,367.1,391.0,385.7,382.6,381.2,383.0,386.7,374.3,371.8,371.6,374.3,372.2,372.5,393.2,378.2,371.8,369.6,368.1,372.5,380.5,373.6,370.4,371.9,374.8,382.0,389.4,374.1,371.6,370.2,378.7,370.5,371.8,374.5
0,0,0.975,-13.0,32.2,378.7,0.118,0.079,-0.141,-94.3,-90.6,-84.4,-77.8,-68.9,-55.5,-38.7,-18.9,0.1,17.6,34.2,48.0,58.0,61.8,61.7,60.3,57.8,-82.0,-72.1,-59.8,-47.5,-35.9,-8.4,3.3,14.7,27.0,38.4,-20.0,-18.4,-17.0,-15.6,-26.2,-19.6,-13.0,-6.4,-0.3,-64.1,-56.7,-45.8,-36.7,-45.1,-55.8,0.3,6.7,16.9,25.8,19.6,9.8,-35.4,-27.1,-18.3,-11.3,-4.3,6.8,18.2,9.3,-0.5,-8.4,-15.9,-25.5,-30.5,-17.5,-10.4,-3.1,13.3,-2.8,-10.2,-17.3,-1.9,19.5,40.4,60.6,79.6,95.8,107.4,112.8,111.3,107.2,98.9,85.7,68.1,47.1,24.7,1.9,-20.8,-13.8,-21.2,-22.7,-21.6,-19.4,-23.0,-29.5,-33.2,-34.4,-30.4,-7.5,4.2,15.8,27.6,39.5,40.7,41.4,38.6,35.7,-1.3,-8.1,-9.1,-2.7,1.0,2.1,-7.7,-16.2,-17.9,-13.7,-8.4,-6.7,70.7,61.3,56.2,57.0,54.2,56.6,62.0,70.4,74.2,75.9,76.6,75.6,69.7,63.5,62.8,61.2,62.7,64.5,66.1,66.6,428.1,430.4,432.9,434.3,432.7,427.8,418.4,403.0,394.2,396.3,406.8,414.9,417.4,414.6,409.0,402.7,398.8,392.8,384.2,376.6,369.6,364.2,359.4,360.8,362.6,365.4,370.1,362.6,359.3,355.4,351.9,371.2,367.8,364.9,364.7,365.2,389.5,383.9,380.8,379.5,381.3,385.0,372.3,369.7,369.5,372.3,370.2,370.6,391.7,376.3,369.7,367.6,366.1,370.5,378.9,371.8,368.6,370.2,373.1,380.3,387.8,372.4,369.8,368.4,377.0,368.6,369.9,372.7
0,0,0.975,-13.1,32.2,379.4,0.117,0.077,-0.139,-94.2,-90.6,-84.6,-78.2,-69.6,-56.2,-39.4,-19.3,-0.2,17.5,34.1,47.9,57.9,61.8,61.7,60.5,58.0,-82.1,-72.2,-59.8,-47.6,-36.0,-8.4,3.3,14.8,27.0,38.4,-20.0,-18.5,-17.0,-15.6,-26.3,-19.6,-13.1,-6.5,-0.4,-64.1,-56.7,-45.8,-36.8,-45.1,-55.8,0.3,6.7,16.9,25.8,19.6,9.8,-35.4,-27.1,-18.4,-11.3,-4.3,6.7,18.0,9.3,-0.5,-8.4,-15.9,-25.5,-30.5,-17.5,-10.4,-3.1,13.2,-2.8,-10.2,-17.4,-1.8,19.4,40.0,60.0,79.0,95.4,107.2,112.8,111.3,107.2,98.9,85.8,68.4,47.4,25.0,2.3,-20.4,-14.0,-21.3,-22.8,-21.7,-19.5,-23.1,-29.6,-33.2,-34.4,-30.5,-7.5,4.2,15.8,27.6,39.6,40.8,41.4,38.7,35.7,-1.4,-8.3,-9.2,-2.7,0.9,2.0,-7.7,-16.3,-17.9,-13.7,-8.4,-6.7,70.8,61.3,56.3,57.0,54.3,56.7,62.1,70.4,74.2,75.9,76.6,75.7,69.7,63.5,62.9,61.2,62.7,64.6,66.2,66.6,428.4,430.7,433.2,434.6,433.1,428.3,419.0,403.5,394.7,396.7,407.1,415.2,418.0,415.3,409.9,403.6,399.6,393.3,384.7,377.2,370.1,364.9,360.3,361.6,363.4,366.1,370.8,363.4,360.1,356.2,352.8,372.0,368.7,365.8,365.6,366.0,390.1,384.6,381.4,380.2,382.0,385.7,373.1,370.5,370.3,373.2,371.1,371.4,392.1,376.8,370.5,368.4,366.8,371.2,379.4,372.5,369.4,371.0,373.8,380.8,388.2,373.0,370.5,369.1,377.5,369.4,370.7,373.4
0,0,0.975,-13.0,32.1,380.2,0.108,0.073,-0.137,-94.2,-90.5,-84.5,-78.2,-69.8,-56.6,-39.7,-19.5,-0.3,17.4,34.0,47.9,58.0,61.9,62.0,60.9,58.4,-82.2,-72.2,-59.8,-47.6,-35.9,-8.3,3.6,15.2,27.6,39.1,-19.9,-18.3,-16.8,-15.4,-26.1,-19.4,-12.9,-6.3,-0.2,-64.3,-56.9,-45.9,-36.8,-45.2,-56.1,0.5,7.0,17.3,26.3,20.0,10.1,-35.3,-27.0,-18.2,-11.2,-4.2,6.8,18.1,9.3,-0.5,-8.4,-15.8,-25.4,-30.4,-17.4,-10.4,-3.1,13.3,-2.8,-10.1,-17.3,-1.8,19.2,39.7,59.7,78.7,95.1,107.2,112.9,111.4,107.4,99.1,86.0,68.6,47.6,25.2,2.3,-20.6,-14.0,-21.4,-22.8,-21.9,-19.7,-23.4,-29.9,-33.5,-34.6,-30.7,-7.5,4.1,15.7,27.5,39.6,40.8,41.5,38.8,35.9,-1.1,-8.2,-9.2,-2.5,1.3,2.4,-7.7,-16.5,-18.1,-13.8,-8.3,-6.5,70.9,61.3,56.3,57.1,54.3,56.7,62.2,70.5,74.2,75.9,76.6,75.6,69.7,63.6,62.9,61.2,62.8,64.6,66.2,66.6,428.9,431.1,433.4,434.7,433.3,428.7,419.9,404.5,395.3,397.2,407.4,415.5,418.4,416.0,411.0,405.0,401.3,394.2,385.8,378.4,371.5,366.5,362.2,363.8,365.6,368.3,373.0,364.9,361.5,357.7,354.1,373.1,369.8,367.0,366.7,367.1,391.2,385.7,382.7,381.4,383.1,386.8,374.8,372.3,372.3,375.2,372.9,373.1,392.5,377.5,371.3,369.2,367.6,372.1,380.2,373.2,369.9,371.5,374.4,381.4,388.7,373.7,371.2,369.7,378.3,370.0,371.3,374.1
0,0,0.975,-12.6,32.2,380.9,0.11,0.073,-0.136,-93.8,-90.2,-84.2,-77.9,-69.4,-56.0,-39.2,-19.0,0.2,17.8,34.3,48.2,58.3,62.3,62.3,61.2,58.8,-81.8,-71.7,-59.3,-47.1,-35.5,-7.7,4.3,15.8,28.2,39.7,-19.4,-17.8,-16.3,-14.8,-25.6,-18.9,-12.4,-5.8,0.3,-64.0,-56.6,-45.5,-36.4,-44.9,-55.7,1.0,7.5,17.8,26.7,20.5,10.6,-35.1,-26.6,-17.8,-10.7,-3.8,7.3,18.7,9.8,-0.1,-8.0,-15.5,-25.1,-30.2,-17.0,-9.9,-2.6,13.8,-2.3,-9.7,-16.9,-1.6,19.4,39.9,59.9,78.8,95.1,107.0,112.8,111.3,107.3,99.1,86.0,68.6,47.7,25.2,2.3,-20.6,-14.2,-21.4,-22.8,-21.9,-19.8,-23.5,-30.0,-33.6,-34.7,-30.7,-7.6,4.1,15.8,27.6,39.7,40.9,41.6,38.9,36.0,-1.2,-8.2,-9.1,-2.5,1.3,2.4,-7.8,-16.5,-18.1,-13.8,-8.3,-6.6,70.9,61.5,56.6,57.3,54.6,57.0,62.3,70.6,74.3,76.0,76.7,75.7,69.9,63.8,63.2,61.5,62.9,64.7,66.2,66.7,429.1,431.4,433.9,435.3,433.8,429.1,420.2,404.8,395.8,397.7,408.0,416.0,418.9,416.3,411.3,405.3,401.4,394.5,386.1,378.8,372.0,366.9,362.6,364.3,366.1,368.8,373.5,365.4,362.1,358.3,354.9,373.8,370.5,367.7,367.5,367.8,391.6,386.3,383.2,381.9,383.6,387.3,375.3,372.8,372.8,375.7,373.5,373.7,393.4,378.4,372.2,370.1,368.6,373.0,381.1,374.1,370.8,372.4,375.3,382.3,389.6,374.6,372.1,370.7,379.2,370.8,372.2,374.9
0,0,0.975,-12.1,32.3,380.7,0.108,0.07,-0.133,-93.4,-89.8,-83.9,-77.6,-69.2,-55.9,-39.1,-18.8,0.5,18.1,34.6,48.5,58.6,62.7,62.9,61.8,59.4,-81.2,-71.1,-58.8,-46.6,-35.0,-7.1,4.7,16.2,28.5,40.0,-18.9,-17.2,-15.8,-14.3,-25.1,-18.4,-11.9,-5.3,0.8,-63.4,-56.0,-45.0,-35.9,-44.3,-55.2,1.5,8.0,18.3,27.3,21.0,11.1,-34.6,-26.1,-17.3,-10.2,-3.3,7.8,19.2,10.2,0.3,-7.5,-15.0,-24.6,-29.7,-16.5,-9.4,-2.1,14.4,-1.9,-9.3,-16.4,-1.9,19.0,39.3,59.2,78.1,94.6,106.8,112.8,111.4,107.5,99.4,86.6,69.3,48.6,26.2,3.2,-19.7,-14.1,-21.4,-22.8,-21.8,-19.7,-23.4,-29.9,-33.5,-34.7,-30.7,-7.5,4.2,15.9,27.7,39.9,41.1,41.8,39.1,36.1,-1.1,-8.2,-9.2,-2.5,1.3,2.4,-7.7,-16.5,-18.1,-13.7,-8.2,-6.5,70.9,61.6,56.7,57.5,54.7,57.1,62.4,70.6,74.2,75.9,76.6,75.6,69.9,64.0,63.4,61.7,63.0,64.7,66.2,66.6,428.9,431.1,433.5,434.8,433.4,428.7,420.0,404.6,395.6,397.5,407.9,416.3,419.4,417.0,411.9,405.9,402.1,393.9,385.7,378.5,371.7,366.8,362.7,364.3,366.1,368.9,373.6,365.3,361.9,358.1,354.7,373.7,370.4,367.6,367.3,367.7,391.3,386.0,383.0,381.8,383.4,387.1,375.3,372.9,373.0,375.9,373.6,373.8,393.2,378.1,372.0,370.0,368.4,372.9,381.2,374.0,370.5,372.1,374.8,381.9,389.3,374.4,372.0,370.5,379.2,370.6,371.9,374.5
0,0,0.975,-11.7,32.3,380.6,0.111,0.073,-0.135,-93.1,-89.4,-83.3,-76.9,-68.3,-55.1,-38.5,-18.7,0.5,18.3,35.1,49.2,59.3,63.2,63.2,62.0,59.6,-80.7,-70.6,-58.3,-46.0,-34.4,-6.6,5.2,16.7,28.9,40.3,-18.4,-16.8,-15.4,-13.9,-24.7,-18.0,-11.5,-4.9,1.2,-62.9,-55.5,-44.5,-35.4,-43.9,-54.7,2.0,8.4,18.7,27.6,21.4,11.5,-34.1,-25.5,-16.8,-9.7,-2.8,8.2,19.6,10.6,0.7,-7.1,-14.5,-24.1,-29.2,-16.0,-8.9,-1.6,14.8,-1.5,-8.8,-15.9,-2.2,19.2,40.0,60.2,79.1,95.3,106.9,112.6,111.2,107.5,99.5,86.5,69.0,48.0,25.5,2.6,-20.3,-14.0,-21.3,-22.8,-21.8,-19.6,-23.3,-29.8,-33.4,-34.5,-30.6,-7.6,4.2,16.0,27.9,39.9,41.2,41.9,39.1,36.2,-1.2,-8.3,-9.2,-2.6,1.2,2.3,-7.7,-16.4,-18.1,-13.7,-8.2,-6.6,71.0,61.7,56.8,57.6,54.9,57.3,62.5,70.7,74.3,75.9,76.6,75.7,70.0,64.1,63.5,61.9,63.2,64.7,66.2,66.6,428.7,431.0,433.5,434.9,433.4,428.6,419.7,404.4,395.4,397.4,408.0,416.4,419.3,416.6,411.3,405.1,401.2,393.8,385.5,378.3,371.5,366.5,362.4,363.9,365.6,368.2,372.8,365.1,361.8,358.1,354.7,373.5,370.2,367.4,367.2,367.6,390.9,385.5,382.5,381.4,383.0,386.6,374.9,372.3,372.2,375.1,373.0,373.2,393.2,378.3,372.1,370.0,368.5,373.0,381.0,373.9,370.5,372.1,374.9,382.0,389.3,374.5,372.0,370.6,379.1,370.5,371.8,374.5
0,0,0.975,-11.3,32.3,379.9,0.112,0.074,-0.137,-92.7,-89.1,-83.0,-76.4,-67.6,-54.2,-37.3,-17.4,1.6,19.2,35.8,49.6,59.7,63.6,63.5,62.2,59.7,-80.3,-70.3,-57.9,-45.7,-34.2,-6.3,5.4,16.9,29.1,40.6,-18.1,-16.5,-15.1,-13.6,-24.3,-17.7,-11.2,-4.6,1.5,-62.5,-55.1,-44.1,-35.0,-43.4,-54.2,2.2,8.6,18.9,27.8,21.6,11.7,-33.6,-25.1,-16.4,-9.4,-2.5,8.5,20.0,10.9,1.1,-6.7,-14.1,-23.6,-28.8,-15.6,-8.6,-1.3,15.1,-1.1,-8.4,-15.5,-2.4,19.1,40.0,60.3,79.4,95.5,107.1,112.5,110.9,107.1,99.2,86.3,69.0,48.1,25.7,2.8,-20.2,-13.9,-21.2,-22.7,-21.6,-19.5,-23.2,-29.6,-33.3,-34.4,-30.5,-7.5,4.3,16.1,28.0,40.0,41.2,41.9,39.1,36.2,-1.2,-8.2,-9.1,-2.5,1.2,2.3,-7.6,-16.3,-18.0,-13.6,-8.2,-6.5,70.9,61.7,56.8,57.6,54.9,57.2,62.3,70.5,74.1,75.7,76.4,75.5,69.9,64.0,63.4,61.8,63.0,64.5,66.0,66.5,428.6,431.0,433.5,434.9,433.2,428.3,419.0,403.6,394.8,397.1,407.8,416.3,419.1,416.5,411.1,404.7,400.8,393.3,385.0,377.7,370.9,365.7,361.4,362.9,364.8,367.6,372.4,364.2,360.9,357.0,353.5,372.6,369.3,366.4,366.3,366.7,390.3,384.9,381.9,380.7,382.3,385.9,374.1,371.6,371.5,374.4,372.2,372.5,392.5,377.4,371.1,369.1,367.7,372.1,380.3,373.1,369.7,371.2,374.0,381.1,388.6,373.6,371.2,369.8,378.3,369.7,371.0,373.7
0,0,0.975,-11.0,32.4,380.6,0.111,0.074,-0.137,-92.4,-88.8,-82.8,-76.3,-67.6,-54.1,-37.2,-17.1,2.0,19.5,36.0,49.9,59.9,63.9,63.9,62.6,60.1,-80.1,-70.0,-57.7,-45.5,-34.0,-6.1,5.7,17.2,29.5,41.0,-17.9,-16.3,-14.8,-13.4,-24.1,-17.4,-10.9,-4.3,1.8,-62.4,-55.1,-44.0,-34.9,-43.4,-54.2,2.4,8.9,19.2,28.2,22.0,12.0,-33.5,-24.9,-16.2,-9.2,-2.2,8.8,20.3,11.2,1.3,-6.5,-13.9,-23.4,-28.6,-15.4,-8.3,-1.0,15.5,-0.9,-8.2,-15.3,-2.3,19.0,39.8,60.0,79.1,95.4,107.2,112.8,111.2,107.3,99.2,86.3,69.0,48.1,25.7,2.8,-20.2,-13.9,-21.1,-22.5,-21.5,-19.5,-23.2,-29.7,-33.3,-34.5,-30.6,-7.4,4.5,16.2,28.1,40.2,41.4,42.1,39.4,36.4,-0.9,-8.0,-9.0,-2.2,1.5,2.7,-7.5,-16.3,-18.0,-13.6,-8.1,-6.3,71.2,61.9,57.1,57.8,55.1,57.4,62.5,70.6,74.2,75.8,76.5,75.6,70.1,64.3,63.7,62.0,63.2,64.6,66.1,66.6,428.9,431.3,433.8,435.2,433.7,428.9,420.0,404.7,395.7,397.7,408.1,416.5,419.3,416.7,411.5,405.3,401.4,393.7,385.5,378.4,371.7,366.7,362.5,364.1,366.0,368.7,373.4,365.1,361.8,358.0,354.5,373.5,370.2,367.4,367.1,367.5,391.0,385.7,382.7,381.4,383.1,386.7,375.0,372.6,372.6,375.5,373.2,373.4,393.2,378.1,372.0,369.9,368.4,372.9,381.1,373.8,370.4,371.9,374.7,381.8,389.3,374.3,371.9,370.5,379.1,370.4,371.7,374.4
0,0,0.975,-10.8,32.5,380.8,0.109,0.077,-0.137,-92.3,-88.5,-82.4,-75.8,-67.0,-53.5,-36.8,-17.0,1.9,19.5,36.2,50.2,60.3,64.2,64.1,62.8,60.3,-79.9,-69.6,-57.3,-45.1,-33.6,-5.8,6.0,17.4,29.7,41.2,-17.5,-16.0,-14.6,-13.1,-23.9,-17.2,-10.7,-4.1,2.1,-62.1,-54.7,-43.6,-34.6,-43.0,-53.9,2.8,9.2,19.5,28.5,22.2,12.3,-33.4,-24.7,-15.9,-8.9,-2.0,9.1,20.6,11.4,1.4,-6.4,-13.8,-23.3,-28.5,-15.1,-8.1,-0.8,15.8,-0.7,-8.0,-15.2,-2.5,19.2,40.5,61.0,80.1,96.2,107.6,112.7,111.0,107.2,99.3,86.4,69.0,48.0,25.6,2.6,-20.4,-14.0,-21.1,-22.6,-21.6,-19.5,-23.2,-29.6,-33.2,-34.4,-30.5,-7.5,4.4,16.2,28.2,40.3,41.5,42.2,39.4,36.5,-1.0,-8.1,-9.0,-2.3,1.5,2.6,-7.5,-16.3,-18.0,-13.5,-8.0,-6.3,71.2,62.0,57.2,57.9,55.2,57.5,62.5,70.6,74.1,75.7,76.4,75.6,70.2,64.3,63.7,62.0,63.2,64.6,66.1,66.6,429.5,431.8,434.3,435.6,433.9,429.0,419.9,404.4,395.3,397.2,407.8,416.1,418.8,416.1,410.9,404.8,401.1,394.0,385.8,378.7,372.1,367.0,362.9,364.4,366.1,368.6,373.0,365.4,362.1,358.3,354.8,373.7,370.3,367.4,367.2,367.6,391.1,385.7,382.7,381.4,383.0,386.7,375.1,372.5,372.4,375.3,373.1,373.3,393.5,378.6,372.4,370.3,368.8,373.3,381.3,373.9,370.3,371.9,374.7,382.0,389.7,374.6,372.1,370.8,379.3,370.5,371.8,374.5
0,0,0.975,-10.4,32.4,380.6,0.1,0.076,-0.134,-91.9,-88.3,-82.1,-75.6,-66.8,-53.3,-36.5,-16.6,2.4,19.9,36.4,50.4,60.5,64.5,64.5,63.3,60.9,-79.6,-69.4,-57.0,-44.8,-33.2,-5.4,6.6,18.2,30.5,42.0,-17.2,-15.6,-14.2,-12.8,-23.5,-16.8,-10.4,-3.8,2.4,-61.8,-54.4,-43.4,-34.2,-42.7,-53.6,3.2,9.6,20.0,29.0,22.7,12.7,-32.9,-24.3,-15.6,-8.6,-1.7,9.3,20.8,11.7,1.8,-6.0,-13.4,-22.9,-28.0,-14.8,-7.8,-0.6,15.9,-0.4,-7.7,-14.8,-2.0,19.4,40.4,60.7,79.7,95.7,107.2,112.5,110.8,107.1,99.3,86.8,69.7,48.9,26.5,3.5,-19.5,-14.0,-21.3,-22.8,-21.8,-19.6,-23.2,-29.7,-33.3,-34.4,-30.3,-7.5,4.4,16.1,28.0,40.1,41.3,42.0,39.3,36.4,-1.1,-8.2,-9.2,-2.4,1.4,2.5,-7.5,-16.4,-18.0,-13.5,-8.0,-6.3,71.0,61.8,56.9,57.7,55.0,57.4,62.5,70.5,74.0,75.6,76.3,75.4,69.9,64.2,63.5,61.9,63.1,64.5,66.0,66.4,429.8,432.1,434.4,435.5,433.6,428.4,419.1,403.7,394.7,396.9,407.6,416.1,419.2,416.7,411.7,405.7,401.9,394.3,386.1,379.0,372.2,367.2,363.0,364.7,366.6,369.5,374.3,365.6,362.1,358.2,354.6,373.5,370.1,367.3,367.1,367.5,391.4,386.2,383.1,381.9,383.4,387.1,375.5,373.2,373.2,376.1,373.8,373.9,392.9,378.0,371.9,369.8,368.4,372.9,381.0,373.6,370.1,371.6,374.4,381.5,389.0,374.1,371.7,370.4,379.0,370.3,371.5,374.2
0,0,0.975,-10.1,32.2,380.4,0.102,0.075,-0.134,-91.6,-87.9,-81.9,-75.4,-66.5,-52.9,-36.1,-16.3,2.6,20.0,36.5,50.5,60.6,64.7,64.8,63.6,61.1,-79.1,-68.9,-56.6,-44.5,-32.9,-4.9,6.9,18.4,30.6,42.1,-16.8,-15.2,-13.8,-12.4,-23.2,-16.6,-10.1,-3.4,2.7,-61.3,-53.9,-42.9,-33.9,-42.3,-53.2,3.5,10.0,20.3,29.3,23.0,13.1,-32.6,-24.0,-15.3,-8.3,-1.4,9.6,21.1,11.9,2.0,-5.8,-13.1,-22.6,-27.8,-14.5,-7.5,-0.2,16.2,-0.1,-7.4,-14.5,-2.5,19.0,40.2,60.7,79.8,95.9,107.4,112.6,110.9,107.1,99.2,86.5,69.3,48.4,26.0,2.9,-20.1,-14.3,-21.6,-23.0,-22.0,-19.9,-23.5,-29.9,-33.4,-34.5,-30.4,-7.7,4.1,15.9,27.9,39.9,41.1,41.9,39.2,36.2,-1.4,-8.5,-9.4,-2.6,1.1,2.3,-7.7,-16.5,-18.1,-13.6,-8.2,-6.5,70.9,61.7,56.8,57.6,54.9,57.3,62.4,70.3,73.8,75.4,76.1,75.2,69.8,64.0,63.4,61.7,63.0,64.3,65.8,66.2,429.3,431.7,434.2,435.4,433.5,428.4,419.1,403.8,394.9,397.0,407.5,416.0,418.9,416.4,411.3,405.2,401.4,393.8,385.6,378.6,372.0,367.1,363.1,364.8,366.6,369.1,373.6,365.4,362.0,358.0,354.4,373.2,369.9,367.1,366.9,367.3,390.8,385.6,382.6,381.3,382.9,386.5,375.2,372.8,372.8,375.7,373.4,373.6,392.8,378.0,371.8,369.8,368.4,373.0,381.1,373.6,370.0,371.4,374.2,381.3,389.0,374.1,371.7,370.4,379.0,370.2,371.4,374.0
0,0,0.975,-10.0,32.0,380.3,0.103,0.075,-0.132,-91.4,-87.8,-81.7,-75.2,-66.5,-53.0,-36.3,-16.5,2.5,20.0,36.7,50.7,60.9,64.9,65.0,63.8,61.4,-78.9,-68.7,-56.4,-44.3,-32.7,-4.8,7.1,18.7,31.0,42.4,-16.6,-15.1,-13.7,-12.3,-23.0,-16.4,-9.9,-3.3,2.9,-61.1,-53.7,-42.7,-33.7,-42.1,-52.9,3.7,10.1,20.5,29.4,23.1,13.2,-32.4,-23.8,-15.1,-8.1,-1.2,9.8,21.2,12.1,2.2,-5.6,-13.0,-22.4,-27.6,-14.3,-7.3,-0.1,16.4,0.0,-7.3,-14.3,-3.0,18.5,39.6,60.0,79.0,95.2,106.7,112.1,110.6,107.0,99.3,86.6,69.3,48.4,25.9,2.8,-20.3,-14.6,-21.8,-23.2,-22.2,-20.1,-23.7,-30.1,-33.6,-34.6,-30.5,-8.0,3.9,15.6,27.5,39.6,40.8,41.5,38.9,35.9,-1.6,-8.7,-9.6,-2.9,0.8,2.0,-7.9,-16.7,-18.3,-13.8,-8.4,-6.7,70.6,61.3,56.5,57.3,54.6,57.0,62.2,70.2,73.6,75.2,75.8,75.0,69.5,63.7,63.1,61.5,62.8,64.1,65.5,65.9,429.2,431.5,433.9,435.1,433.2,428.1,418.9,403.6,394.7,396.9,407.7,416.3,419.3,416.7,411.5,405.4,401.5,393.6,385.5,378.4,371.8,366.8,362.8,364.6,366.4,369.0,373.7,365.2,361.8,357.9,354.3,373.1,369.8,367.0,366.8,367.2,390.7,385.5,382.5,381.3,382.8,386.4,375.1,372.7,372.8,375.7,373.4,373.5,392.7,377.7,371.6,369.6,368.2,372.8,380.9,373.4,369.8,371.2,374.0,381.2,388.8,373.9,371.5,370.2,378.9,369.9,371.1,373.8
0,0,0.975,-9.8,31.4,379.9,0.104,0.076,-0.136,-91.3,-87.7,-81.7,-75.1,-66.2,-52.5,-35.5,-15.3,3.7,21.1,37.4,51.1,61.1,65.1,65.2,64.0,61.4,-78.7,-68.5,-56.2,-44.2,-32.8,-4.9,7.0,18.5,30.8,42.3,-16.7,-15.1,-13.6,-12.2,-22.9,-16.2,-9.8,-3.2,2.9,-61.2,-53.8,-42.8,-33.7,-42.2,-53.0,3.7,10.2,20.6,29.5,23.2,13.3,-32.1,-23.6,-15.0,-8.0,-1.2,9.8,21.3,12.2,2.3,-5.5,-12.8,-22.2,-27.3,-14.2,-7.2,-0.0,16.4,0.1,-7.1,-14.2,-3.0,18.1,38.9,59.1,78.2,94.7,106.6,112.1,110.4,106.4,98.3,85.4,68.2,47.3,24.9,1.9,-21.1,-15.1,-22.2,-23.6,-22.6,-20.6,-24.3,-30.7,-34.1,-35.2,-31.3,-8.3,3.4,15.1,26.9,39.1,40.3,41.0,38.3,35.4,-1.8,-9.0,-10.0,-3.2,0.6,1.8,-8.4,-17.2,-18.8,-14.3,-8.8,-7.1,70.1,60.8,55.9,56.7,54.0,56.4,61.6,69.5,72.9,74.5,75.2,74.4,69.0,63.2,62.5,60.8,62.2,63.5,64.9,65.3,429.4,431.6,434.0,435.0,433.0,428.1,419.0,403.7,395.0,397.0,407.4,415.6,418.6,416.2,411.1,405.1,401.3,393.2,385.2,378.2,371.7,366.8,362.7,364.6,366.4,369.0,373.6,365.0,361.5,357.4,353.8,372.8,369.5,366.7,366.5,366.9,390.7,385.5,382.5,381.1,382.7,386.4,374.9,372.6,372.7,375.7,373.3,373.4,392.2,377.1,371.2,369.2,367.7,372.2,380.5,373.0,369.4,370.8,373.6,380.7,388.3,373.4,371.0,369.7,378.4,369.6,370.8,373.4
0,0,0.975,-9.7,30.8,379.7,0.096,0.079,-0.138,-91.2,-87.5,-81.4,-74.8,-65.9,-52.2,-35.3,-15.3,3.7,21.2,37.6,51.5,61.5,65.4,65.5,64.2,61.7,-78.8,-68.6,-56.4,-44.3,-32.7,-4.9,7.0,18.6,30.9,42.5,-16.6,-15.0,-13.6,-12.2,-22.8,-16.2,-9.7,-3.1,3.0,-61.1,-53.8,-42.7,-33.6,-42.1,-52.9,3.8,10.3,20.6,29.7,23.3,13.4,-32.0,-23.5,-14.8,-7.9,-1.0,10.0,21.5,12.3,2.4,-5.3,-12.6,-22.0,-27.2,-14.0,-7.0,0.1,16.6,0.3,-6.9,-14.0,-3.1,18.1,39.0,59.2,78.2,94.4,106.0,111.2,109.4,105.5,97.4,84.7,67.6,46.8,24.5,1.6,-21.2,-15.5,-22.7,-24.2,-23.3,-21.2,-24.8,-31.2,-34.7,-35.8,-31.8,-8.9,2.8,14.4,26.2,38.5,39.6,40.3,37.6,34.7,-2.4,-9.5,-10.5,-3.7,0.1,1.2,-8.9,-17.7,-19.4,-14.9,-9.4,-7.7,69.5,60.1,55.2,56.0,53.2,55.6,60.8,68.6,72.0,73.6,74.3,73.6,68.4,62.5,61.8,60.1,61.4,62.6,64.1,64.5,430.1,432.2,434.4,435.2,433.1,427.8,418.4,402.9,394.0,396.1,406.6,415.0,418.1,415.7,410.9,405.1,401.6,393.9,385.8,378.6,371.9,367.0,362.9,364.8,366.7,369.4,373.9,365.1,361.5,357.3,353.5,372.5,369.2,366.4,366.2,366.6,391.0,385.7,382.7,381.4,382.9,386.6,375.2,372.9,373.0,375.9,373.5,373.6,391.8,376.8,370.7,368.7,367.3,371.8,380.1,372.4,368.7,370.1,372.9,380.1,388.0,372.9,370.5,369.2,378.0,369.0,370.2,372.8
0,0,0.975,-9.5,29.9,378.3,0.091,0.077,-0.139,-90.8,-87.2,-81.3,-74.8,-65.9,-52.1,-34.9,-14.9,4.0,21.5,38.0,51.8,62.0,66.1,66.0,64.5,61.8,-78.2,-68.3,-56.1,-44.0,-32.4,-4.8,7.1,18.7,31.0,42.4,-16.4,-14.8,-13.3,-11.9,-22.6,-16.0,-9.4,-2.8,3.2,-60.7,-53.4,-42.6,-33.6,-41.9,-52.5,3.8,10.4,20.5,29.4,23.0,13.3,-31.7,-23.2,-14.6,-7.7,-0.9,10.0,21.5,12.3,2.5,-5.2,-12.4,-21.7,-26.9,-13.8,-6.9,0.3,16.6,0.3,-6.9,-13.8,-3.9,17.2,37.9,58.2,77.3,93.5,104.9,110.0,108.3,104.3,96.2,83.5,66.4,45.8,23.3,0.4,-22.5,-16.1,-23.2,-24.7,-23.7,-21.7,-25.6,-32.0,-35.5,-36.5,-32.6,-9.7,2.1,13.7,25.5,37.5,38.6,39.3,36.6,33.7,-3.1,-9.9,-11.0,-4.7,-1.0,0.2,-10.2,-18.6,-20.2,-16.0,-10.7,-9.1,68.6,59.3,54.4,55.1,52.4,54.7,59.9,67.6,70.9,72.5,73.2,72.6,67.5,61.6,60.9,59.2,60.5,61.5,62.9,63.5,429.1,431.3,433.8,434.9,432.6,427.0,416.7,400.9,392.3,394.8,405.8,414.5,418.1,416.0,411.0,405.1,401.5,393.3,385.2,378.2,371.5,366.4,362.6,364.7,366.7,369.2,373.8,364.2,360.3,355.8,351.7,370.9,367.5,364.6,364.6,365.1,389.8,384.8,381.8,380.4,381.8,385.3,374.3,372.3,372.4,375.2,372.8,372.8,390.2,375.2,369.1,367.2,365.8,370.5,379.0,371.0,367.2,368.4,371.1,378.4,386.3,371.5,369.1,367.9,376.9,367.4,368.5,371.1
0,0,0.975,-9.2,29.6,379.1,0.086,0.079,-0.137,-90.7,-87.0,-81.0,-74.4,-65.5,-51.8,-34.8,-14.8,4.1,21.5,37.9,51.8,62.0,66.2,66.2,65.0,62.4,-78.4,-68.1,-55.8,-43.7,-32.3,-4.6,7.5,19.1,31.5,43.2,-16.2,-14.6,-13.2,-11.7,-22.4,-15.7,-9.2,-2.7,3.4,-60.8,-53.4,-42.4,-33.2,-41.7,-52.6,4.2,10.7,21.1,30.2,23.8,13.8,-31.4,-22.9,-14.4,-7.5,-0.7,10.3,21.9,12.6,2.8,-4.9,-12.1,-21.4,-26.6,-13.5,-6.6,0.5,17.0,0.6,-6.6,-13.5,-4.1,17.1,37.9,58.2,77.1,93.2,104.6,109.7,108.0,104.2,96.5,84.1,67.1,46.3,23.7,0.5,-22.6,-16.8,-24.0,-25.5,-24.6,-22.6,-26.2,-32.6,-36.1,-37.0,-32.8,-10.2,1.5,13.0,24.7,37.2,38.3,38.9,36.3,33.4,-3.4,-10.6,-11.6,-4.9,-1.0,0.2,-10.1,-18.9,-20.5,-16.0,-10.5,-8.9,68.1,58.7,53.8,54.5,51.8,54.3,59.5,67.2,70.4,72.0,72.7,72.0,67.0,61.1,60.4,58.7,60.0,61.0,62.5,62.9,430.2,432.1,434.1,434.8,432.4,426.9,417.3,401.7,393.0,395.3,406.1,414.8,418.1,416.1,411.4,405.8,402.3,394.1,386.1,379.0,372.4,367.4,363.2,365.3,367.3,370.0,374.6,365.4,361.5,357.1,353.1,372.0,368.7,365.9,365.7,366.2,391.2,386.1,383.0,381.6,383.1,386.8,375.4,373.3,373.5,376.4,373.8,373.8,390.9,375.9,370.0,368.0,366.6,371.2,379.5,371.6,367.8,369.1,371.9,379.1,387.1,372.1,369.8,368.5,377.3,368.2,369.3,371.9
